7 0.881000 0.670667 0.182000 0.226667
7 0.644000 0.673333 0.204000 0.205333
7 0.642000 0.810667 0.204000 0.160000
7 0.417000 0.796000 0.178000 0.157333
7 0.434000 0.642667 0.184000 0.197333
7 0.240000 0.622667 0.176000 0.210667
7 0.238000 0.798667 0.172000 0.141333
7 0.236000 0.322667 0.204000 0.208000
7 0.226000 0.149333 0.196000 0.213333
7 0.448000 0.145333 0.200000 0.200000
7 0.455000 0.358667 0.222000 0.264000
7 0.655000 0.174667 0.194000 0.237333
7 0.701000 0.369333 0.270000 0.237333
7 0.871000 0.152000 0.190000 0.208000
7 0.889000 0.361333 0.222000 0.253333
7 0.058000 0.154667 0.112000 0.202667
7 0.118000 0.349333 0.224000 0.250667