2 0.888000 0.168000 0.224000 0.325333
2 0.663000 0.105333 0.234000 0.205333
2 0.271000 0.086667 0.214000 0.162667
7 0.935000 0.162667 0.050000 0.202667
7 0.672000 0.169333 0.052000 0.184000
7 0.491000 0.156000 0.050000 0.141333
7 0.437000 0.148000 0.046000 0.141333
7 0.398000 0.170667 0.036000 0.096000
7 0.283000 0.130667 0.046000 0.090667
7 0.138000 0.122667 0.040000 0.101333
7 0.174000 0.109333 0.040000 0.122667
7 0.109000 0.124000 0.026000 0.109333
7 0.089000 0.129333 0.038000 0.104000
7 0.020000 0.116000 0.036000 0.136000
7 0.053000 0.120000 0.042000 0.133333