2 0.813000 0.828000 0.374000 0.253333
3 0.330000 0.913333 0.064000 0.082667
7 0.976000 0.900000 0.048000 0.200000
7 0.919000 0.906667 0.050000 0.186667
7 0.848000 0.910667 0.060000 0.178667
7 0.823000 0.896000 0.042000 0.202667
7 0.750000 0.908000 0.060000 0.184000
7 0.604000 0.894667 0.064000 0.210667
7 0.646000 0.917333 0.044000 0.165333
7 0.532000 0.906667 0.076000 0.186667
7 0.483000 0.908000 0.058000 0.184000
7 0.429000 0.912000 0.058000 0.176000
7 0.402000 0.906667 0.040000 0.186667
7 0.365000 0.910667 0.046000 0.168000
7 0.275000 0.910667 0.074000 0.178667
7 0.222000 0.905333 0.092000 0.189333
7 0.127000 0.902667 0.070000 0.189333
7 0.068000 0.917333 0.048000 0.165333
7 0.028000 0.914667 0.044000 0.170667