3 0.353000 0.421333 0.446000 0.330667
3 0.802000 0.354667 0.396000 0.272000
7 0.889000 0.190667 0.046000 0.061333
7 0.987000 0.182667 0.026000 0.082667
7 0.932000 0.194667 0.032000 0.053333
7 0.750000 0.225333 0.024000 0.098667
7 0.720000 0.229333 0.028000 0.085333
7 0.575000 0.302667 0.058000 0.226667
7 0.516000 0.249333 0.032000 0.072000
7 0.485000 0.269333 0.046000 0.101333
7 0.463000 0.230667 0.026000 0.050667
7 0.434000 0.237333 0.040000 0.048000
7 0.403000 0.244000 0.034000 0.040000
7 0.368000 0.246667 0.040000 0.040000
7 0.205000 0.276000 0.066000 0.109333
7 0.102000 0.345333 0.056000 0.210667
7 0.040000 0.356000 0.056000 0.200000
7 0.429000 0.309333 0.046000 0.064000
7 0.304000 0.318667 0.084000 0.088000