3 0.367000 0.600000 0.730000 0.650667
7 0.653000 0.394667 0.094000 0.234667
7 0.553000 0.376000 0.082000 0.176000
7 0.522000 0.325333 0.076000 0.288000
7 0.582000 0.281333 0.056000 0.162667
7 0.650000 0.300000 0.080000 0.200000
7 0.725000 0.446667 0.070000 0.392000
7 0.940000 0.310667 0.064000 0.168000
7 0.938000 0.486667 0.100000 0.221333
3 0.835000 0.338667 0.182000 0.090667
7 0.376000 0.429333 0.040000 0.064000
7 0.312000 0.430667 0.024000 0.056000
7 0.039000 0.441333 0.074000 0.178667
7 0.956000 0.502667 0.068000 0.152000