000012 -1
000017 -1
000023 -1
000026 -1
000032 -1
000035  0
000036 -1
000044 -1
000047 -1
000048 -1
000064 -1
000066 -1
000073 -1
000077 -1
000078 -1
000083 -1
000089 -1
000091 -1
000104 -1
000112 -1
000122 -1
000129 -1
000133 -1
000134 -1
000138 -1
000140 -1
000141 -1
000153 -1
000159 -1
000161 -1
000162 -1
000163 -1
000164 -1
000171 -1
000173 -1
000174 -1
000189 -1
000192 -1
000193 -1
000194 -1
000200 -1
000207 -1
000209 -1
000219 -1
000220 -1
000222  1
000242 -1
000259 -1
000262 -1
000263 -1
000276 -1
000278 -1
000282 -1
000288 -1
000294 -1
000296 -1
000311 -1
000317 -1
000320 -1
000331 -1
000334 -1
000337 -1
000355 -1
000359 -1
000367 -1
000372 -1
000379 -1
000382 -1
000387 -1
000394  1
000395 -1
000400 -1
000404 -1
000406 -1
000407 -1
000411 -1
000430 -1
000431 -1
000438 -1
000446 -1
000454 -1
000463 -1
000468 -1
000469 -1
000470 -1
000474 -1
000476 -1
000477 -1
000489 -1
000508 -1
000516 -1
000518 -1
000522 -1
000524 -1
000525 -1
000526 -1
000528 -1
000535 -1
000537 -1
000541 -1
000544 -1
000549 -1
000554 -1
000555 -1
000565 -1
000583 -1
000589 -1
000590 -1
000597 -1
000605 -1
000609 -1
000612 -1
000620 -1
000625 -1
000633 -1
000648 -1
000654 -1
000671 -1
000672 -1
000680 -1
000685 -1
000688 -1
000695 -1
000699 -1
000700 -1
000709 -1
000710 -1
000726 -1
000731 -1
000733 -1
000739 -1
000753  1
000754 -1
000768 -1
000770 -1
000793 -1
000796 -1
000805 -1
000810 -1
000812 -1
000818 -1
000822 -1
000823 -1
000828 -1
000829 -1
000849 -1
000850 -1
000851 -1
000859 -1
000860 -1
000865  1
000871 -1
000888 -1
000892 -1
000898 -1
000902 -1
000904 -1
000906 -1
000912 -1
000915  1
000919 -1
000943 -1
000954 -1
000958 -1
000962 -1
000964 -1
000965 -1
000966 -1
000967 -1
000977 -1
000980 -1
000987 -1
000991 -1
000996  1
000999 -1
001001 -1
001008 -1
001011 -1
001014 -1
001015 -1
001024 -1
001036 -1
001043 -1
001050 -1
001057 -1
001060 -1
001064 -1
001068 -1
001071 -1
001078 -1
001079  1
001082 -1
001101 -1
001112 -1
001113 -1
001119 -1
001127 -1
001129 -1
001140 -1
001147 -1
001151 -1
001152 -1
001156 -1
001168 -1
001171 -1
001194 -1
001207 -1
001209 -1
001212 -1
001226 -1
001229 -1
001234 -1
001237 -1
001239 -1
001240 -1
001248 -1
001258 -1
001268 -1
001269 -1
001273 -1
001279 -1
001287 -1
001294 -1
001304 -1
001309 -1
001314 -1
001315 -1
001325 -1
001327 -1
001333 -1
001334 -1
001346 -1
001348 -1
001364 -1
001365 -1
001378 -1
001384 -1
001385 -1
001388 -1
001390 -1
001393  1
001395 -1
001402 -1
001404 -1
001405 -1
001406 -1
001408 -1
001409 -1
001414 -1
001418 -1
001420 -1
001421  0
001426 -1
001427 -1
001434 -1
001450 -1
001451  0
001453 -1
001455 -1
001479 -1
001480 -1
001485 -1
001486 -1
001488 -1
001492 -1
001494 -1
001498 -1
001499 -1
001501 -1
001504 -1
001512 -1
001517 -1
001521 -1
001524 -1
001526 -1
001528 -1
001532 -1
001539 -1
001548 -1
001555 -1
001557 -1
001559 -1
001563  1
001576 -1
001579 -1
001580 -1
001586 -1
001593  0
001594 -1
001597 -1
001604 -1
001607 -1
001610 -1
001611 -1
001622 -1
001627 -1
001630 -1
001636 -1
001643 -1
001649 -1
001651 -1
001654 -1
001662 -1
001669 -1
001673 -1
001676 -1
001680 -1
001684 -1
001688 -1
001690 -1
001699 -1
001707 -1
001711 -1
001717 -1
001721 -1
001723 -1
001729 -1
001738 -1
001739 -1
001754 -1
001758 -1
001759 -1
001765 -1
001766 -1
001768 -1
001780 -1
001787 -1
001789 -1
001800 -1
001806 -1
001809 -1
001810 -1
001821 -1
001825 -1
001828 -1
001832 -1
001836 -1
001840 -1
001841 -1
001843 -1
001845 -1
001853 -1
001854 -1
001861 -1
001864 -1
001881 -1
001892 -1
001894 -1
001896 -1
001902 -1
001903 -1
001904 -1
001906 -1
001915 -1
001928 -1
001930 -1
001937 -1
001938 -1
001941 -1
001945 -1
001950 -1
001952 -1
001954 -1
001963  1
001971 -1
001977 -1
001978 -1
001980 -1
001981 -1
001985 -1
001989 -1
001999 -1
002006 -1
002012 -1
002020 -1
002027 -1
002034 -1
002037 -1
002051 -1
002055 -1
002056 -1
002061  1
002069 -1
002095 -1
002096 -1
002104 -1
002108  1
002116 -1
002117 -1
002120 -1
002134 -1
002151 -1
002153 -1
002155 -1
002156  1
002158 -1
002170 -1
002172 -1
002176 -1
002178 -1
002180 -1
002182 -1
002186  0
002187 -1
002191 -1
002193 -1
002194 -1
002196 -1
002197 -1
002199 -1
002212 -1
002215 -1
002219 -1
002221  0
002224 -1
002238 -1
002241 -1
002247 -1
002253 -1
002256 -1
002260 -1
002265 -1
002277 -1
002287 -1
002291 -1
002293 -1
002306 -1
002307 -1
002310 -1
002311 -1
002315 -1
002318 -1
002342 -1
002355 -1
002359 -1
002362 -1
002373 -1
002384 -1
002401 -1
002403 -1
002405 -1
002410 -1
002411 -1
002413 -1
002419 -1
002420 -1
002433 -1
002436 -1
002439 -1
002443 -1
002445 -1
002448 -1
002458 -1
002461 -1
002466 -1
002468 -1
002472 -1
002478 -1
002480 -1
002481 -1
002483 -1
002490 -1
002501 -1
002512 -1
002514 -1
002518 -1
002519 -1
002533 -1
002534 -1
002539 -1
002544 -1
002545 -1
002547 -1
002554 -1
002555 -1
002558 -1
002559 -1
002564 -1
002571 -1
002572 -1
002579 -1
002595 -1
002599 -1
002603 -1
002609 -1
002611 -1
002625 -1
002635 -1
002647 -1
002662  1
002664 -1
002666 -1
002669 -1
002680 -1
002682 -1
002691 -1
002697 -1
002704 -1
002710 -1
002713 -1
002715 -1
002722 -1
002730 -1
002735 -1
002744 -1
002755  0
002759 -1
002766 -1
002779 -1
002783 -1
002791 -1
002795 -1
002796 -1
002804 -1
002807 -1
002816 -1
002826 -1
002834 -1
002841 -1
002848 -1
002855 -1
002858 -1
002864 -1
002867 -1
002868 -1
002870 -1
002881 -1
002899 -1
002914  0
002919 -1
002931 -1
002934 -1
002937 -1
002939 -1
002956 -1
002957 -1
002958 -1
002962 -1
002969 -1
002975 -1
002976 -1
002987 -1
002988 -1
002990 -1
002992 -1
002995 -1
003002 -1
003003 -1
003007 -1
003013 -1
003024 -1
003027 -1
003034  0
003042  1
003047 -1
003051 -1
003053 -1
003063 -1
003066 -1
003074 -1
003077 -1
003083 -1
003085 -1
003088 -1
003092 -1
003100 -1
003103 -1
003106 -1
003107 -1
003110 -1
003116 -1
003122 -1
003124 -1
003134 -1
003138 -1
003140 -1
003145 -1
003147 -1
003150 -1
003155 -1
003159 -1
003161 -1
003163 -1
003165 -1
003169 -1
003175 -1
003181 -1
003184 -1
003185 -1
003188 -1
003205 -1
003214 -1
003231 -1
003236 -1
003240 -1
003242 -1
003247 -1
003253 -1
003254 -1
003259  0
003260 -1
003261 -1
003270 -1
003273 -1
003280 -1
003282 -1
003284  0
003290 -1
003292 -1
003303 -1
003308 -1
003320 -1
003330 -1
003331 -1
003336 -1
003338 -1
003339 -1
003343 -1
003349 -1
003350  1
003355 -1
003359 -1
003363 -1
003367 -1
003369 -1
003373 -1
003374 -1
003379 -1
003380 -1
003382 -1
003392 -1
003395 -1
003396 -1
003406 -1
003412 -1
003416 -1
003417 -1
003420 -1
003424 -1
003430 -1
003433 -1
003436 -1
003441 -1
003450 -1
003466  0
003484 -1
003487 -1
003489 -1
003491 -1
003496 -1
003500 -1
003508 -1
003510 -1
003511 -1
003522 -1
003524 -1
003525 -1
003529  0
003539 -1
003548 -1
003549 -1
003550 -1
003551 -1
003555 -1
003565 -1
003575 -1
003576 -1
003577  1
003585 -1
003586 -1
003596 -1
003599 -1
003603  1
003604 -1
003608 -1
003614 -1
003621 -1
003625 -1
003627 -1
003628 -1
003634 -1
003635 -1
003642 -1
003644  1
003645 -1
003646 -1
003656 -1
003658 -1
003662 -1
003663 -1
003664 -1
003671 -1
003678  0
003679 -1
003681 -1
003688 -1
003694 -1
003699 -1
003700 -1
003704 -1
003713 -1
003732 -1
003735 -1
003740 -1
003748 -1
003749 -1
003751 -1
003759 -1
003763 -1
003779 -1
003781 -1
003784 -1
003786 -1
003788 -1
003790 -1
003792 -1
003797 -1
003806 -1
003807 -1
003811 -1
003817 -1
003824 -1
003827 -1
003828 -1
003835 -1
003847 -1
003849 -1
003856 -1
003859  1
003860 -1
003865  1
003879 -1
003889 -1
003890 -1
003898 -1
003899 -1
003912 -1
003913 -1
003921 -1
003932 -1
003935 -1
003936 -1
003939 -1
003945 -1
003949 -1
003953 -1
003961 -1
003969 -1
003970 -1
003971 -1
003974 -1
003987 -1
003991 -1
003997 -1
003998 -1
004008 -1
004012 -1
004013 -1
004014 -1
004016 -1
004017 -1
004019 -1
004028 -1
004033 -1
004034 -1
004035 -1
004046 -1
004058 -1
004067 -1
004091 -1
004092 -1
004095 -1
004111 -1
004120 -1
004121 -1
004129 -1
004131 -1
004133 -1
004136 -1
004137 -1
004138 -1
004140 -1
004149  1
004158 -1
004168 -1
004169 -1
004170 -1
004171 -1
004189 -1
004201 -1
004209 -1
004215 -1
004220 -1
004221 -1
004223 -1
004224 -1
004228 -1
004231 -1
004232 -1
004237 -1
004242 -1
004244 -1
004247 -1
004255 -1
004263 -1
004269 -1
004270 -1
004271 -1
004272 -1
004273 -1
004281 -1
004283 -1
004287 -1
004291 -1
004292 -1
004296  1
004300 -1
004303 -1
004318 -1
004322 -1
004327 -1
004338 -1
004339 -1
004345 -1
004347 -1
004359 -1
004360 -1
004361 -1
004365 -1
004367 -1
004370 -1
004372 -1
004376 -1
004386 -1
004387 -1
004389 -1
004392 -1
004404 -1
004434 -1
004439 -1
004470 -1
004471 -1
004479 -1
004481 -1
004496 -1
004502 -1
004508 -1
004517 -1
004519 -1
004520 -1
004524 -1
004526 -1
004537 -1
004544 -1
004548 -1
004551 -1
004553 -1
004562 -1
004563 -1
004565 -1
004566 -1
004571 -1
004576 -1
004587 -1
004591 -1
004595 -1
004604 -1
004605 -1
004607 -1
004611  0
004612 -1
004622 -1
004623 -1
004628 -1
004631 -1
004636 -1
004644 -1
004648 -1
004656 -1
004679 -1
004683 -1
004685 -1
004686 -1
004687 -1
004691 -1
004693 -1
004694 -1
004702 -1
004705 -1
004706 -1
004715 -1
004718 -1
004723 -1
004737 -1
004742  1
004743 -1
004747 -1
004748 -1
004753 -1
004760 -1
004779 -1
004782 -1
004783 -1
004790 -1
004792 -1
004793 -1
004794 -1
004797 -1
004799 -1
004801 -1
004808 -1
004815 -1
004823 -1
004828 -1
004830 -1
004832 -1
004836 -1
004846 -1
004848 -1
004857  1
004869 -1
004873 -1
004876 -1
004879 -1
004882 -1
004897 -1
004898 -1
004902 -1
004907 -1
004910 -1
004913 -1
004929 -1
004946 -1
004955 -1
004961 -1
004962 -1
004966 -1
004968 -1
004972 -1
004973 -1
004974 -1
004976  1
004987 -1
004990 -1
004992 -1
004995 -1
005006 -1
005018 -1
005020 -1
005023 -1
005024 -1
005026 -1
005027 -1
005029 -1
005033 -1
005045 -1
005047 -1
005052 -1
005057 -1
005061  0
005065 -1
005068 -1
005071 -1
005078 -1
005084 -1
005086  0
005090 -1
005093 -1
005097 -1
005101 -1
005107 -1
005114 -1
005121 -1
005122 -1
005124 -1
005129 -1
005130 -1
005134 -1
005138 -1
005156 -1
005169 -1
005173 -1
005183 -1
005189 -1
005190 -1
005202 -1
005203 -1
005208 -1
005215 -1
005219 -1
005231 -1
005236 -1
005245  0
005246 -1
005257 -1
005258 -1
005259 -1
005260 -1
005262 -1
005269 -1
005273 -1
005283 -1
005285 -1
005297 -1
005303 -1
005304 -1
005307 -1
005310 -1
005311  0
005318 -1
005327 -1
005336 -1
005338 -1
005344 -1
005351 -1
005368 -1
005373 -1
005374 -1
005387 -1
005396 -1
005405 -1
005408 -1
005410 -1
005413 -1
005414 -1
005417 -1
005424 -1
005433 -1
005445 -1
005448 -1
005450 -1
005451  1
005453 -1
005455 -1
005457 -1
005467  1
005478 -1
005483 -1
005487 -1
005489 -1
005496 -1
005499 -1
005508 -1
005509 -1
005511 -1
005519 -1
005524 -1
005526 -1
005527 -1
005536 -1
005541 -1
005542 -1
005547 -1
005563 -1
005566 -1
005574 -1
005579 -1
005582 -1
005585 -1
005592 -1
005599 -1
005600 -1
005601 -1
005603 -1
005609 -1
005611 -1
005624 -1
005625 -1
005630 -1
005631 -1
005636 -1
005637 -1
005639 -1
005644 -1
005648 -1
005658 -1
005668 -1
005669 -1
005680 -1
005695 -1
005700 -1
005704  1
005715 -1
005728 -1
005731 -1
005738 -1
005740 -1
005752 -1
005756 -1
005757 -1
005764 -1
005765 -1
005769 -1
005780 -1
005782 -1
005783 -1
005784 -1
005786 -1
005789 -1
005796 -1
005805 -1
005806 -1
005814 -1
005824 -1
005826 -1
005831 -1
005836 -1
005838 -1
005840 -1
005850 -1
005859 -1
005861 -1
005873 -1
005881 -1
005884 -1
005885 -1
005888 -1
005889 -1
005899 -1
005901 -1
005903 -1
005905 -1
005908 -1
005909 -1
005910 -1
005911 -1
005918 -1
005923 -1
005930 -1
005938 -1
005948 -1
005951 -1
005960 -1
005961 -1
005971 -1
005980 -1
005983 -1
005984 -1
005990 -1
005992 -1
006004 -1
006009 -1
006011 -1
006033 -1
006038 -1
006043 -1
006061 -1
006065 -1
006070 -1
006073 -1
006079 -1
006091 -1
006095 -1
006096 -1
006100 -1
006103 -1
006104 -1
006105 -1
006128 -1
006130 -1
006140  1
006156 -1
006158 -1
006171 -1
006172 -1
006174 -1
006175 -1
006176 -1
006177 -1
006179 -1
006180 -1
006181 -1
006183 -1
006187 -1
006189 -1
006196 -1
006210 -1
006221 -1
006223 -1
006224 -1
006225 -1
006229 -1
006230 -1
006236 -1
006238 -1
006243 -1
006250 -1
006261 -1
006262 -1
006264 -1
006267 -1
006272 -1
006285 -1
006289  0
006290 -1
006305 -1
006320 -1
006329 -1
006341 -1
006344 -1
006352 -1
006353 -1
006362 -1
006366 -1
006367 -1
006369 -1
006371 -1
006375 -1
006381  1
006395 -1
006417 -1
006418 -1
006427 -1
006433 -1
006434 -1
006438 -1
006442 -1
006455 -1
006458 -1
006459 -1
006462 -1
006470 -1
006474 -1
006475 -1
006476 -1
006482 -1
006483 -1
006486 -1
006495 -1
006501 -1
006503  1
006506 -1
006515 -1
006524 -1
006536 -1
006547 -1
006548 -1
006550 -1
006551 -1
006556 -1
006560 -1
006569 -1
006595 -1
006597 -1
006602 -1
006609 -1
006610  0
006612 -1
006626  0
006637 -1
006648 -1
006654 -1
006658  1
006660 -1
006674 -1
006695 -1
006697 -1
006698 -1
006703 -1
006706 -1
006707 -1
006714 -1
006727 -1
006731  1
006734 -1
006735 -1
006736 -1
006738 -1
006740 -1
006748 -1
006753 -1
006766 -1
006777 -1
006781 -1
006782 -1
006784 -1
006805 -1
006810 -1
006822 -1
006824 -1
006825 -1
006833 -1
006836 -1
006839 -1
006840 -1
006847 -1
006848 -1
006849 -1
006858 -1
006864 -1
006866 -1
006868 -1
006869 -1
006874 -1
006883 -1
006887 -1
006893 -1
006896 -1
006900 -1
006910 -1
006911 -1
006912  1
006914 -1
006916 -1
006919 -1
006931 -1
006939 -1
006943 -1
006948 -1
006950 -1
006958  0
006959 -1
006968 -1
006971 -1
006976 -1
006983 -1
007002 -1
007003 -1
007007  0
007011 -1
007016 -1
007023 -1
007025 -1
007029 -1
007036 -1
007040 -1
007045 -1
007050 -1
007062 -1
007073 -1
007079 -1
007080 -1
007089 -1
007090 -1
007092 -1
007093 -1
007095 -1
007108 -1
007121 -1
007128 -1
007129 -1
007133 -1
007138 -1
007150 -1
007154 -1
007159 -1
007163 -1
007166 -1
007180 -1
007182 -1
007184 -1
007194 -1
007197 -1
007205 -1
007213  0
007214 -1
007223 -1
007234 -1
007241 -1
007243 -1
007256 -1
007261 -1
007271 -1
007279 -1
007285 -1
007295 -1
007298 -1
007305 -1
007308 -1
007322 -1
007325 -1
007327 -1
007334 -1
007336 -1
007369 -1
007375 -1
007381 -1
007396 -1
007398 -1
007410 -1
007411 -1
007413 -1
007417 -1
007419 -1
007421 -1
007425 -1
007431 -1
007437 -1
007446 -1
007454 -1
007466 -1
007468 -1
007474 -1
007479 -1
007481 -1
007483 -1
007490 -1
007493 -1
007497 -1
007524 -1
007526 -1
007530 -1
007535 -1
007540 -1
007558 -1
007565 -1
007566 -1
007570 -1
007572  1
007575 -1
007578 -1
007586 -1
007590 -1
007594 -1
007601 -1
007606 -1
007611 -1
007619 -1
007629 -1
007631 -1
007633 -1
007653 -1
007655 -1
007663 -1
007667 -1
007683 -1
007692 -1
007697 -1
007699 -1
007713 -1
007718 -1
007721 -1
007731 -1
007735  1
007736 -1
007748 -1
007749 -1
007751  0
007753 -1
007762 -1
007775 -1
007777  1
007790 -1
007791 -1
007795 -1
007809 -1
007810  0
007814 -1
007819 -1
007821 -1
007831 -1
007836 -1
007838 -1
007840 -1
007847 -1
007853 -1
007854 -1
007863 -1
007872  1
007876 -1
007877 -1
007878 -1
007883 -1
007884 -1
007885 -1
007898 -1
007900 -1
007901 -1
007905 -1
007908 -1
007910 -1
007911 -1
007914 -1
007915 -1
007925 -1
007932 -1
007940 -1
007953 -1
007963 -1
007964 -1
007968 -1
007974 -1
007991 -1
007996 -1
008001 -1
008004 -1
008005 -1
008008 -1
008017 -1
008019 -1
008026 -1
008037 -1
008040 -1
008042 -1
008043 -1
008044 -1
008051 -1
008053 -1
008062 -1
008064 -1
008072  1
008075 -1
008079 -1
008082 -1
008083 -1
008084 -1
008093 -1
008096 -1
008098 -1
008108 -1
008117 -1
008127  1
008130 -1
008137 -1
008139 -1
008142 -1
008163 -1
008164 -1
008169 -1
008174 -1
008186 -1
008188 -1
008197 -1
008199 -1
008204 -1
008211 -1
008216  1
008218 -1
008226 -1
008232 -1
008248 -1
008250 -1
008253 -1
008254 -1
008260 -1
008261 -1
008262 -1
008263 -1
008269 -1
008272 -1
008296 -1
008301 -1
008302 -1
008312 -1
008313 -1
008315 -1
008317 -1
008322 -1
008332 -1
008336 -1
008338 -1
008341 -1
008346 -1
008360 -1
008374 -1
008381 -1
008384 -1
008385  1
008388 -1
008391 -1
008397 -1
008398 -1
008403 -1
008425 -1
008426 -1
008437 -1
008442 -1
008443 -1
008445 -1
008449 -1
008452 -1
008453 -1
008466 -1
008467 -1
008470  1
008475 -1
008477 -1
008478 -1
008482 -1
008483 -1
008517 -1
008529  1
008530 -1
008533 -1
008549 -1
008550 -1
008558 -1
008559 -1
008581 -1
008585 -1
008587 -1
008588 -1
008595 -1
008596 -1
008602 -1
008617 -1
008618 -1
008628 -1
008633 -1
008655  1
008663 -1
008665 -1
008670 -1
008676 -1
008690 -1
008699 -1
008702 -1
008706 -1
008720 -1
008727 -1
008731 -1
008732 -1
008738 -1
008741 -1
008744 -1
008748 -1
008750 -1
008755 -1
008756 -1
008757 -1
008764 -1
008768 -1
008771 -1
008776 -1
008784 -1
008794 -1
008809 -1
008811 -1
008813 -1
008815 -1
008819 -1
008838 -1
008840 -1
008841 -1
008856 -1
008862 -1
008865 -1
008872 -1
008879 -1
008883 -1
008885 -1
008886 -1
008891 -1
008900 -1
008909 -1
008920 -1
008923 -1
008926 -1
008929 -1
008930 -1
008932  1
008933 -1
008939 -1
008944 -1
008958 -1
008960 -1
008961 -1
008966 -1
008968 -1
008969 -1
008975 -1
008978 -1
008979 -1
008980 -1
008985 -1
008995 -1
009000 -1
009004 -1
009005 -1
009018 -1
009020 -1
009029 -1
009036 -1
009042 -1
009045 -1
009049 -1
009058 -1
009059 -1
009066 -1
009068 -1
009073 -1
009078 -1
009080 -1
009098 -1
009099 -1
009106 -1
009114 -1
009117 -1
009121 -1
009123  1
009136 -1
009144 -1
009153 -1
009160 -1
009161 -1
009166 -1
009175 -1
009184 -1
009185 -1
009191 -1
009197 -1
009205 -1
009208 -1
009209 -1
009214 -1
009227 -1
009230 -1
009238 -1
009242 -1
009251 -1
009259 -1
009269 -1
009270 -1
009283 -1
009285 -1
009287 -1
009288 -1
009290 -1
009295 -1
009296 -1
009299  1
009306 -1
009308 -1
009316 -1
009318 -1
009324 -1
009327 -1
009333 -1
009336 -1
009339 -1
009342 -1
009343 -1
009358 -1
009362 -1
009377 -1
009386 -1
009392 -1
009393 -1
009394 -1
009398 -1
009406 -1
009407 -1
009409 -1
009410 -1
009411 -1
009413  1
009418 -1
009420  1
009421 -1
009422 -1
009424 -1
009434 -1
009460 -1
009469 -1
009488 -1
009490 -1
009496 -1
009497 -1
009499 -1
009504 -1
009512 -1
009515 -1
009516 -1
009518 -1
009520 -1
009524 -1
009526  1
009528 -1
009537 -1
009541 -1
009542 -1
009549 -1
009551 -1
009557 -1
009562 -1
009566 -1
009573 -1
009577  1
009579 -1
009584 -1
009585 -1
009587 -1
009596 -1
009600 -1
009605 -1
009609 -1
009613  0
009614 -1
009618 -1
009621 -1
009623 -1
009638  1
009644 -1
009654 -1
009656 -1
009659 -1
009666 -1
009668 -1
009671 -1
009684 -1
009691 -1
009693 -1
009703 -1
009707 -1
009713 -1
009717 -1
009718 -1
009721 -1
009729 -1
009733 -1
009734 -1
009749 -1
009755 -1
009756 -1
009762 -1
009763 -1
009774 -1
009776 -1
009789 -1
009792 -1
009797 -1
009800 -1
009805 -1
009810 -1
009813 -1
009828 -1
009830 -1
009832 -1
009834 -1
009839 -1
009845 -1
009848 -1
009851 -1
009852 -1
009859 -1
009867 -1
009868 -1
009869 -1
009874 -1
009877 -1
009878 -1
009879 -1
009882 -1
009896 -1
009904 -1
009918 -1
009920 -1
009926 -1
009938 -1
009940 -1
009942 -1
009944 -1
009949 -1
009959 -1
009961 -1
