10 0.928000 0.900000 0.140000 0.162791
10 0.337000 0.923256 0.362000 0.153488
10 0.674000 0.825581 0.184000 0.144186
8 0.806000 0.895349 0.120000 0.200000
8 0.724000 0.874419 0.044000 0.213953
8 0.806000 0.769767 0.060000 0.088372
8 0.672000 0.879070 0.080000 0.223256
8 0.605000 0.746512 0.030000 0.032558
8 0.590000 0.846512 0.056000 0.223256
8 0.556000 0.765116 0.016000 0.060465
8 0.550000 0.897674 0.064000 0.195349
8 0.495000 0.813953 0.050000 0.102326
8 0.518000 0.762791 0.028000 0.046512
8 0.382000 0.797674 0.068000 0.079070
8 0.296000 0.911628 0.124000 0.158140
8 0.226000 0.823256 0.064000 0.111628
8 0.257000 0.786047 0.022000 0.046512
8 0.179000 0.813953 0.018000 0.130233
8 0.132000 0.867442 0.052000 0.227907
14 0.953000 0.723256 0.074000 0.181395
14 0.124000 0.704651 0.060000 0.116279
14 0.088000 0.713953 0.028000 0.125581
14 0.049000 0.725581 0.050000 0.148837