14 0.915000 0.860000 0.170000 0.280000
14 0.693000 0.517333 0.038000 0.064000
14 0.600000 0.505333 0.036000 0.066667
14 0.578000 0.529333 0.044000 0.072000
14 0.486000 0.504000 0.040000 0.069333
14 0.470000 0.533333 0.056000 0.085333
14 0.394000 0.534667 0.048000 0.072000
14 0.379000 0.502667 0.046000 0.061333
14 0.320000 0.532000 0.044000 0.072000
14 0.247000 0.544000 0.046000 0.096000
13 0.233000 0.566667 0.098000 0.077333
1 0.319000 0.570667 0.070000 0.042667
1 0.392000 0.569333 0.068000 0.045333
1 0.364000 0.534667 0.032000 0.045333
1 0.469000 0.561333 0.066000 0.029333
1 0.502000 0.542667 0.036000 0.034667
1 0.581000 0.557333 0.062000 0.037333
1 0.620000 0.542667 0.032000 0.029333
1 0.695000 0.536000 0.058000 0.048000
8 0.749000 0.677333 0.118000 0.128000