5 0.926000 0.626667 0.148000 0.202667
5 0.558000 0.632000 0.176000 0.112000
5 0.310000 0.650667 0.056000 0.170667
5 0.203000 0.690667 0.202000 0.261333
5 0.056000 0.696000 0.108000 0.277333
14 0.639000 0.680000 0.022000 0.074667
14 0.562000 0.680000 0.012000 0.069333
14 0.551000 0.669333 0.010000 0.032000
14 0.521000 0.682667 0.018000 0.074667
14 0.503000 0.682667 0.018000 0.064000
14 0.420000 0.686667 0.016000 0.066667
14 0.383000 0.693333 0.018000 0.090667
14 0.363000 0.690667 0.014000 0.074667