8 0.897333 0.667000 0.125333 0.158000
8 0.505333 0.656000 0.141333 0.100000
8 0.686667 0.644000 0.146667 0.096000
8 0.478667 0.564000 0.114667 0.120000
8 0.862667 0.504000 0.088000 0.136000
8 0.952000 0.548000 0.085333 0.112000
8 0.756000 0.862000 0.130667 0.176000
8 0.622667 0.933000 0.141333 0.114000
8 0.464000 0.871000 0.144000 0.150000
8 0.490667 0.749000 0.128000 0.142000
10 0.621333 0.808000 0.266667 0.156000
10 0.601333 0.559000 0.210667 0.098000
14 0.732000 0.519000 0.104000 0.110000
14 0.582667 0.481000 0.104000 0.090000
8 0.849333 0.394000 0.093333 0.104000
8 0.185333 0.666000 0.114667 0.144000
8 0.136000 0.913000 0.154667 0.154000
14 0.066667 0.877000 0.128000 0.158000
14 0.118667 0.784000 0.104000 0.120000
14 0.134667 0.687000 0.098667 0.118000
14 0.272000 0.405000 0.101333 0.186000
10 0.144000 0.420000 0.138667 0.100000
10 0.066667 0.763000 0.128000 0.346000
10 0.949333 0.482000 0.101333 0.088000
10 0.934667 0.378000 0.130667 0.068000
10 0.364000 0.217000 0.109333 0.074000