15 0.076000 0.470667 0.148000 0.472000
14 0.260000 0.637333 0.156000 0.704000
14 0.368000 0.645333 0.108000 0.682667
14 0.448000 0.612000 0.144000 0.712000
14 0.528000 0.598667 0.112000 0.728000
14 0.639000 0.578667 0.130000 0.714667
14 0.709000 0.590667 0.102000 0.701333
14 0.801000 0.589333 0.098000 0.645333
14 0.271000 0.193333 0.086000 0.248000
14 0.283000 0.241333 0.094000 0.141333
14 0.344000 0.194667 0.076000 0.202667
14 0.417000 0.244000 0.122000 0.226667
14 0.526000 0.245333 0.120000 0.240000
14 0.579000 0.248000 0.062000 0.192000
14 0.642000 0.225333 0.076000 0.141333
14 0.722000 0.225333 0.084000 0.210667