13 0.526000 0.617825 0.256000 0.371601
14 0.502000 0.412387 0.204000 0.486405
14 0.943000 0.403323 0.042000 0.160121
6 0.630000 0.329305 0.108000 0.066465
6 0.729000 0.347432 0.158000 0.096677
14 0.076000 0.362538 0.036000 0.126888
13 0.217000 0.392749 0.082000 0.090634
13 0.260000 0.364048 0.024000 0.063444
13 0.286000 0.377644 0.036000 0.084592
13 0.320000 0.385196 0.028000 0.099698
13 0.351000 0.386707 0.038000 0.078550
13 0.640000 0.395770 0.056000 0.084592
13 0.792000 0.409366 0.060000 0.057402