14 0.737333 0.599000 0.088000 0.082000
14 0.772000 0.579000 0.024000 0.034000
14 0.869333 0.612000 0.058667 0.096000
14 0.949333 0.658000 0.101333 0.236000
14 0.506667 0.597000 0.026667 0.054000
14 0.462667 0.595000 0.029333 0.058000
14 0.436000 0.595000 0.018667 0.066000
14 0.409333 0.621000 0.045333 0.118000
14 0.378667 0.570000 0.021333 0.032000
14 0.290667 0.620000 0.042667 0.104000
14 0.358667 0.639000 0.082667 0.158000
14 0.218667 0.621000 0.053333 0.130000
14 0.126667 0.705000 0.184000 0.358000
14 0.624000 0.502000 0.074667 0.196000