13 0.714000 0.646667 0.188000 0.258667
13 0.467000 0.665333 0.230000 0.397333
13 0.278000 0.545333 0.084000 0.162667
13 0.206000 0.492000 0.064000 0.114667
14 0.712000 0.521333 0.132000 0.210667
14 0.451000 0.564000 0.126000 0.365333
14 0.282000 0.486667 0.064000 0.168000
14 0.214000 0.460000 0.044000 0.114667
6 0.061000 0.509333 0.118000 0.149333
6 0.105000 0.449333 0.050000 0.050667
6 0.754000 0.537333 0.232000 0.146667
6 0.044000 0.761333 0.084000 0.424000
13 0.160000 0.461333 0.024000 0.058667
13 0.350000 0.502667 0.044000 0.109333