4 0.961000 0.474474 0.078000 0.582583
4 0.975000 0.129129 0.050000 0.252252
4 0.851000 0.393393 0.242000 0.780781
4 0.857000 0.102102 0.190000 0.198198
4 0.646000 0.387387 0.212000 0.768769
4 0.671000 0.111111 0.190000 0.216216
4 0.543000 0.106607 0.070000 0.207207
4 0.448000 0.369369 0.196000 0.732733
4 0.348000 0.084084 0.084000 0.162162
4 0.258000 0.346847 0.192000 0.687688
4 0.080000 0.327327 0.156000 0.648649
4 0.145000 0.067568 0.078000 0.129129
4 0.080000 0.744745 0.156000 0.300300
4 0.048000 0.860360 0.092000 0.279279
4 0.127000 0.951952 0.154000 0.096096
4 0.184000 0.875375 0.180000 0.249249
4 0.242000 0.779279 0.156000 0.321321
4 0.423000 0.806306 0.162000 0.327327
4 0.362000 0.888889 0.184000 0.222222
4 0.314000 0.974474 0.144000 0.051051
4 0.586000 0.827327 0.168000 0.333333
4 0.538000 0.902402 0.188000 0.195195
4 0.509000 0.984985 0.110000 0.030030
4 0.761000 0.843844 0.174000 0.300300
4 0.714000 0.915916 0.164000 0.168168
4 0.912000 0.930931 0.168000 0.138138
4 0.923000 0.843844 0.154000 0.246246