13 0.253000 0.439577 0.106000 0.280967
13 0.312000 0.481873 0.172000 0.299094
13 0.848000 0.454683 0.160000 0.287009
13 0.677000 0.465257 0.174000 0.271903
13 0.575000 0.429003 0.126000 0.265861
14 0.870000 0.338369 0.136000 0.320242
14 0.692000 0.356495 0.148000 0.302115
14 0.586000 0.342900 0.120000 0.268882
14 0.334000 0.416918 0.180000 0.404834
14 0.297000 0.274924 0.106000 0.108761
14 0.914000 0.240181 0.052000 0.226586
14 0.876000 0.154079 0.044000 0.096677
14 0.333000 0.182779 0.054000 0.093656