14 0.278000 0.641333 0.100000 0.354667
14 0.511000 0.634667 0.098000 0.341333
14 0.640000 0.640000 0.088000 0.325333
14 0.770000 0.630667 0.072000 0.306667
14 0.961000 0.645333 0.078000 0.346667
14 0.361000 0.586667 0.050000 0.170667
14 0.679000 0.606667 0.054000 0.248000
14 0.552000 0.610667 0.056000 0.234667
1 0.930000 0.720000 0.140000 0.213333
1 0.787000 0.701333 0.142000 0.192000
1 0.646000 0.717333 0.112000 0.192000
1 0.405000 0.628000 0.062000 0.098667
1 0.338000 0.672000 0.064000 0.154667
1 0.276000 0.734667 0.068000 0.242667