4 0.987000 0.399399 0.022000 0.132132
4 0.964000 0.397898 0.028000 0.129129
4 0.938000 0.394895 0.020000 0.129129
4 0.918000 0.394895 0.024000 0.129129
4 0.993000 0.573574 0.014000 0.144144
4 0.974000 0.575075 0.024000 0.141141
4 0.955000 0.573574 0.018000 0.132132
4 0.935000 0.560060 0.018000 0.135135
4 0.920000 0.558559 0.016000 0.138138
4 0.900000 0.560060 0.032000 0.135135
14 0.697000 0.651652 0.294000 0.588589
14 0.543000 0.570571 0.106000 0.282282
14 0.380000 0.638138 0.324000 0.723724
14 0.180000 0.650150 0.352000 0.687688
4 0.724000 0.141141 0.016000 0.102102
4 0.735000 0.130631 0.010000 0.105105
4 0.748000 0.127628 0.016000 0.105105
4 0.764000 0.126126 0.020000 0.120120
4 0.791000 0.118619 0.022000 0.129129
4 0.813000 0.111111 0.022000 0.132132