13 0.625000 0.611111 0.650000 0.641026
14 0.578000 0.380342 0.528000 0.705128
14 0.319000 0.205128 0.054000 0.111111
14 0.250000 0.200855 0.040000 0.128205
14 0.223000 0.215812 0.054000 0.098291
14 0.156000 0.206197 0.044000 0.130342
14 0.110000 0.217949 0.068000 0.111111
14 0.048000 0.215812 0.052000 0.106838
14 0.388000 0.206197 0.032000 0.113248
14 0.419000 0.195513 0.038000 0.100427
14 0.777000 0.217949 0.034000 0.042735
14 0.757000 0.215812 0.030000 0.055556
14 0.866000 0.210470 0.036000 0.057692
14 0.828000 0.217949 0.032000 0.047009