8 0.875000 0.812000 0.250000 0.376000
8 0.151000 0.793333 0.298000 0.413333
14 0.829000 0.438667 0.134000 0.232000
14 0.915000 0.576000 0.170000 0.661333
14 0.798000 0.328000 0.132000 0.304000
14 0.711000 0.329333 0.106000 0.306667
14 0.576000 0.293333 0.124000 0.218667
14 0.400000 0.266667 0.136000 0.202667
14 0.084000 0.329333 0.092000 0.194667
14 0.321000 0.636000 0.410000 0.728000
14 0.111000 0.532000 0.218000 0.578667
14 0.299000 0.238667 0.078000 0.098667
10 0.593000 0.693333 0.518000 0.613333