1 0.676000 0.722667 0.128000 0.229333
1 0.513000 0.685333 0.126000 0.234667
1 0.368000 0.664000 0.132000 0.240000
1 0.214000 0.622667 0.140000 0.242667
14 0.673000 0.629333 0.106000 0.336000
14 0.717000 0.616000 0.186000 0.453333
14 0.519000 0.588000 0.098000 0.317333
14 0.558000 0.584000 0.092000 0.426667
14 0.355000 0.561333 0.114000 0.301333
14 0.406000 0.553333 0.128000 0.440000
14 0.208000 0.532000 0.116000 0.312000
14 0.256000 0.538667 0.144000 0.426667
14 0.797000 0.437333 0.026000 0.117333
14 0.546000 0.388000 0.040000 0.109333