15 0.887000 0.330667 0.090000 0.256000
15 0.623000 0.236000 0.122000 0.125333
15 0.740000 0.212000 0.160000 0.178667
15 0.457000 0.146667 0.130000 0.282667
15 0.330000 0.156000 0.188000 0.296000
15 0.246000 0.280000 0.092000 0.096000
15 0.166000 0.289333 0.080000 0.104000
15 0.143000 0.094667 0.134000 0.184000
15 0.119000 0.517333 0.138000 0.272000
15 0.393000 0.542667 0.110000 0.141333
15 0.315000 0.517333 0.098000 0.112000
15 0.229000 0.557333 0.114000 0.133333
15 0.519000 0.568000 0.126000 0.133333
15 0.622000 0.497333 0.136000 0.189333
15 0.745000 0.594667 0.130000 0.234667