6 0.592000 0.891711 0.096000 0.077540
6 0.769000 0.856952 0.054000 0.050802
6 0.887000 0.866310 0.082000 0.058824
6 0.955000 0.864973 0.074000 0.056150
6 0.859000 0.826203 0.042000 0.053476
6 0.665000 0.864973 0.058000 0.072193
6 0.594000 0.828877 0.036000 0.042781
6 0.469000 0.889037 0.070000 0.066845
6 0.377000 0.848930 0.054000 0.061497
6 0.237000 0.851604 0.082000 0.045455
6 0.197000 0.811497 0.050000 0.045455
14 0.337000 0.907754 0.070000 0.184492
14 0.200000 0.927807 0.052000 0.144385
14 0.252000 0.929144 0.052000 0.141711
14 0.285000 0.922460 0.054000 0.155080