12 0.744000 0.532000 0.220000 0.210667
12 0.869000 0.558667 0.262000 0.274667
12 0.571000 0.424000 0.122000 0.101333
12 0.671000 0.418667 0.134000 0.117333
12 0.321000 0.398667 0.070000 0.072000
12 0.386000 0.565333 0.308000 0.341333
12 0.235000 0.533333 0.238000 0.245333
14 0.897000 0.449333 0.090000 0.274667
14 0.772000 0.393333 0.064000 0.141333
14 0.671000 0.369333 0.034000 0.114667
14 0.564000 0.382667 0.036000 0.104000
14 0.381000 0.462667 0.062000 0.301333
14 0.330000 0.369333 0.024000 0.066667
14 0.235000 0.460000 0.070000 0.210667
14 0.197000 0.386667 0.038000 0.090667