8 0.730000 0.897333 0.112000 0.152000
8 0.807000 0.932000 0.102000 0.136000
8 0.950000 0.912000 0.100000 0.170667
8 0.437000 0.929333 0.162000 0.141333
8 0.393000 0.894667 0.114000 0.152000
10 0.625000 0.933333 0.294000 0.133333
10 0.519000 0.848000 0.154000 0.096000
8 0.286000 0.809333 0.084000 0.146667
8 0.130000 0.886667 0.128000 0.210667
8 0.063000 0.902667 0.106000 0.194667
14 0.561000 0.717333 0.038000 0.096000
14 0.960000 0.704000 0.072000 0.218667
14 0.974000 0.802667 0.052000 0.245333
14 0.739000 0.728000 0.054000 0.144000
14 0.786000 0.733333 0.048000 0.149333
14 0.190000 0.698667 0.036000 0.074667