1 0.541333 0.747000 0.053333 0.138000
1 0.745333 0.771000 0.141333 0.230000
1 0.874667 0.873000 0.245333 0.254000
1 0.693333 0.712000 0.096000 0.144000
1 0.285333 0.700000 0.085333 0.128000
14 0.298667 0.651000 0.106667 0.202000
14 0.122667 0.707000 0.101333 0.278000
14 0.040000 0.696000 0.074667 0.256000
14 0.534667 0.672000 0.125333 0.248000
14 0.602667 0.651000 0.053333 0.154000
14 0.693333 0.638000 0.101333 0.116000
14 0.750667 0.699000 0.146667 0.262000
14 0.844000 0.749000 0.306667 0.502000