10 0.301000 0.619760 0.394000 0.389222
10 0.134000 0.434132 0.248000 0.185629
10 0.472000 0.387725 0.152000 0.122754
14 0.819000 0.604790 0.362000 0.790419
14 0.571000 0.604790 0.202000 0.790419
14 0.522000 0.272455 0.048000 0.125749
8 0.348000 0.739521 0.164000 0.317365
8 0.451000 0.666168 0.134000 0.332335
8 0.165000 0.720060 0.210000 0.344311
8 0.103000 0.646707 0.174000 0.317365
8 0.059000 0.492515 0.110000 0.176647
8 0.161000 0.425150 0.086000 0.059880
8 0.240000 0.356287 0.036000 0.047904
8 0.451000 0.444611 0.066000 0.062874