15 0.105000 0.154667 0.206000 0.304000
14 0.887000 0.316000 0.226000 0.365333
14 0.759000 0.732000 0.482000 0.536000
14 0.239000 0.698667 0.474000 0.602667
14 0.039000 0.364000 0.074000 0.178667
14 0.215000 0.270667 0.198000 0.306667
14 0.422000 0.252000 0.168000 0.216000
14 0.591000 0.258667 0.246000 0.298667
8 0.719000 0.326667 0.030000 0.104000
8 0.352000 0.324000 0.020000 0.072000
8 0.104000 0.372000 0.060000 0.146667
8 0.996000 0.417333 0.008000 0.109333
10 0.508000 0.680000 0.984000 0.640000