4 0.935000 0.656000 0.030000 0.160000
4 0.968000 0.652000 0.036000 0.152000
4 0.046000 0.158667 0.052000 0.242667
4 0.172000 0.226667 0.044000 0.186667
4 0.300000 0.261333 0.028000 0.181333
4 0.323000 0.284000 0.034000 0.152000
4 0.104000 0.438667 0.052000 0.221333
4 0.147000 0.444000 0.050000 0.205333
4 0.250000 0.450667 0.040000 0.176000
4 0.277000 0.426667 0.030000 0.112000
4 0.060000 0.732000 0.052000 0.226667
4 0.193000 0.696000 0.042000 0.197333
4 0.216000 0.634667 0.028000 0.096000
4 0.123000 0.934667 0.034000 0.130667
4 0.161000 0.922667 0.050000 0.154667
14 0.355000 0.693333 0.270000 0.613333
14 0.674000 0.613333 0.476000 0.773333