9 0.271000 0.737333 0.226000 0.226667
9 0.846000 0.708000 0.164000 0.248000
9 0.837000 0.774667 0.094000 0.152000
9 0.681000 0.766667 0.078000 0.114667
9 0.745000 0.772000 0.070000 0.098667
2 0.475000 0.790667 0.026000 0.050667
2 0.508000 0.797333 0.016000 0.048000
2 0.529000 0.785333 0.010000 0.072000
2 0.551000 0.800000 0.022000 0.048000
2 0.588000 0.770667 0.024000 0.058667
2 0.610000 0.832000 0.028000 0.042667
2 0.638000 0.822667 0.024000 0.050667
2 0.639000 0.773333 0.026000 0.042667
2 0.630000 0.724000 0.024000 0.045333