16 0.142000 0.317333 0.280000 0.432000
16 0.191000 0.734667 0.378000 0.530667
16 0.591000 0.605333 0.278000 0.448000
16 0.786000 0.570667 0.300000 0.458667
16 0.736000 0.778667 0.528000 0.442667
16 0.863000 0.202667 0.174000 0.234667
16 0.944000 0.134667 0.112000 0.242667
16 0.417000 0.318667 0.190000 0.248000
16 0.560000 0.409333 0.316000 0.424000
16 0.609000 0.220000 0.090000 0.088000
16 0.311000 0.122667 0.222000 0.240000
16 0.101000 0.053333 0.198000 0.101333
16 0.870000 0.097333 0.204000 0.189333
16 0.513000 0.085333 0.186000 0.165333
16 0.671000 0.082667 0.134000 0.160000