14 0.391000 0.373874 0.126000 0.423423
12 0.367000 0.581081 0.458000 0.543544
12 0.637000 0.331832 0.170000 0.201201
14 0.633000 0.262763 0.042000 0.171171
14 0.759000 0.331832 0.030000 0.135135
14 0.953000 0.343844 0.026000 0.099099
14 0.839000 0.343844 0.046000 0.111111
14 0.793000 0.348348 0.042000 0.096096
14 0.318000 0.369369 0.032000 0.102102
14 0.230000 0.372372 0.040000 0.108108
14 0.196000 0.381381 0.040000 0.090090
14 0.154000 0.318318 0.028000 0.048048
14 0.147000 0.373874 0.046000 0.117117
14 0.109000 0.376877 0.042000 0.099099
14 0.072000 0.387387 0.040000 0.102102
14 0.020000 0.369369 0.036000 0.132132
14 0.084000 0.351351 0.024000 0.048048
14 0.204000 0.243243 0.040000 0.048048
14 0.199000 0.298799 0.034000 0.051051
14 0.523000 0.298799 0.034000 0.063063