12 0.809000 0.576087 0.226000 0.282609
12 0.168000 0.465839 0.148000 0.149068
14 0.815000 0.430124 0.078000 0.201863
14 0.175000 0.385093 0.062000 0.149068
9 0.190000 0.594720 0.168000 0.245342
9 0.274000 0.619565 0.192000 0.220497
9 0.437000 0.633540 0.178000 0.254658
9 0.440000 0.631988 0.120000 0.214286
9 0.548000 0.653727 0.088000 0.270186
9 0.616000 0.625776 0.072000 0.245342
9 0.676000 0.656832 0.072000 0.239130
9 0.711000 0.635093 0.054000 0.232919
9 0.803000 0.647516 0.090000 0.263975
9 0.958000 0.580745 0.084000 0.192547
9 0.581000 0.513975 0.154000 0.077640
9 0.675000 0.501553 0.042000 0.052795