16 0.531437 0.726000 0.500000 0.328000
16 0.378743 0.598000 0.296407 0.256000
16 0.952096 0.582000 0.089820 0.152000
16 0.610778 0.596000 0.179641 0.164000
16 0.181138 0.592000 0.116766 0.092000
16 0.766467 0.328000 0.083832 0.072000
16 0.321856 0.379000 0.080838 0.058000
16 0.137725 0.561000 0.149701 0.086000
16 0.068862 0.554000 0.089820 0.100000
16 0.163174 0.346000 0.158683 0.064000
16 0.314371 0.315000 0.083832 0.062000
16 0.449102 0.290000 0.083832 0.068000
16 0.613772 0.292000 0.065868 0.056000
16 0.675150 0.272000 0.080838 0.060000
16 0.247006 0.280000 0.116766 0.060000
16 0.079341 0.140000 0.068862 0.056000
16 0.074850 0.100000 0.065868 0.044000
16 0.836826 0.211000 0.116766 0.050000
16 0.591317 0.139000 0.062874 0.038000
16 0.658683 0.157000 0.065868 0.042000
16 0.739521 0.172000 0.065868 0.044000
16 0.794910 0.181000 0.044910 0.042000
16 0.744012 0.130000 0.086826 0.032000
16 0.848802 0.164000 0.056886 0.048000
16 0.976048 0.152000 0.047904 0.044000
16 0.961078 0.458000 0.077844 0.088000