2 0.927000 0.428000 0.050000 0.061333
2 0.668000 0.524000 0.080000 0.066667
2 0.747000 0.377333 0.042000 0.050667
2 0.445000 0.506667 0.078000 0.080000
2 0.348000 0.554667 0.072000 0.064000
2 0.088000 0.524000 0.044000 0.072000
2 0.160000 0.497333 0.044000 0.056000
2 0.187000 0.494667 0.046000 0.056000
2 0.132000 0.674667 0.064000 0.037333
2 0.192000 0.648000 0.040000 0.053333
2 0.266000 0.518667 0.060000 0.056000
2 0.317000 0.484000 0.038000 0.061333
2 0.299000 0.449333 0.066000 0.045333
2 0.306000 0.402667 0.064000 0.064000
2 0.379000 0.412000 0.074000 0.034667
2 0.296000 0.625333 0.064000 0.045333
2 0.230000 0.610667 0.064000 0.037333
2 0.248000 0.634667 0.052000 0.037333
14 0.363000 0.721333 0.082000 0.290667
14 0.474000 0.742667 0.096000 0.232000
14 0.500000 0.637333 0.052000 0.101333
14 0.546000 0.750667 0.100000 0.216000
14 0.518000 0.718667 0.056000 0.093333