5 0.101000 0.359517 0.198000 0.368580
14 0.866000 0.481873 0.112000 0.280967
14 0.646000 0.501511 0.128000 0.314199
14 0.490000 0.487915 0.108000 0.238671
14 0.361000 0.451662 0.106000 0.196375
14 0.247000 0.465257 0.090000 0.235650
14 0.128000 0.447130 0.108000 0.235650
13 0.863000 0.557402 0.142000 0.208459
13 0.637000 0.552870 0.138000 0.217523
13 0.497000 0.552870 0.122000 0.199396
13 0.366000 0.549849 0.120000 0.181269
13 0.256000 0.531722 0.128000 0.193353
13 0.134000 0.518127 0.132000 0.202417