8 0.552000 0.746246 0.164000 0.339339
8 0.244000 0.630631 0.188000 0.348348
8 0.154000 0.445946 0.140000 0.297297
8 0.254000 0.318318 0.124000 0.246246
8 0.457000 0.277778 0.090000 0.225225
8 0.856000 0.660661 0.204000 0.342342
8 0.895000 0.468468 0.154000 0.282282
8 0.788000 0.178679 0.072000 0.177177
8 0.705000 0.166667 0.074000 0.159159
8 0.613000 0.207207 0.074000 0.168168
8 0.913000 0.193694 0.110000 0.189189
8 0.507000 0.159159 0.078000 0.144144
8 0.541000 0.196697 0.074000 0.177177
8 0.705000 0.322823 0.118000 0.237237