1 0.695000 0.722667 0.278000 0.309333
1 0.511000 0.713333 0.150000 0.290667
1 0.355000 0.760000 0.206000 0.368000
14 0.389000 0.609333 0.106000 0.312000
14 0.498000 0.536000 0.100000 0.256000
14 0.697000 0.600000 0.154000 0.442667
8 0.439000 0.253333 0.050000 0.048000
8 0.440000 0.294667 0.056000 0.088000
8 0.566000 0.260000 0.052000 0.029333
8 0.585000 0.298667 0.062000 0.074667
8 0.636000 0.342667 0.076000 0.098667
17 0.388000 0.386667 0.076000 0.133333
15 0.592000 0.469333 0.048000 0.085333
15 0.547000 0.469333 0.030000 0.058667
15 0.654000 0.370667 0.044000 0.170667
15 0.949000 0.392000 0.102000 0.224000
15 0.785000 0.249333 0.066000 0.162667
19 0.807000 0.132000 0.038000 0.056000
15 0.495000 0.402667 0.106000 0.106667