14 0.897000 0.513333 0.206000 0.973333
14 0.850000 0.569333 0.248000 0.861333
14 0.716000 0.360000 0.128000 0.320000
14 0.622000 0.577333 0.292000 0.845333
14 0.372000 0.542667 0.348000 0.914667
14 0.110000 0.573333 0.216000 0.853333
4 0.187000 0.130667 0.042000 0.176000
4 0.154000 0.132000 0.044000 0.173333
4 0.117000 0.132000 0.030000 0.173333
4 0.078000 0.098667 0.040000 0.128000
4 0.043000 0.098667 0.034000 0.144000
4 0.021000 0.102667 0.022000 0.125333
14 0.668000 0.158667 0.092000 0.136000