14 0.888000 0.536096 0.052000 0.152406
14 0.847000 0.534759 0.038000 0.149733
14 0.809000 0.537433 0.042000 0.139037
14 0.758000 0.248663 0.040000 0.064171
14 0.511000 0.292781 0.034000 0.141711
14 0.533000 0.288770 0.030000 0.144385
14 0.375000 0.292781 0.026000 0.136364
14 0.354000 0.255348 0.024000 0.045455
14 0.290000 0.291444 0.036000 0.133690
14 0.259000 0.302139 0.030000 0.128342
14 0.233000 0.294118 0.050000 0.128342
14 0.195000 0.295455 0.038000 0.141711
14 0.082000 0.255348 0.028000 0.045455
14 0.042000 0.240642 0.036000 0.074866
14 0.685000 0.256684 0.022000 0.032086
3 0.501000 0.498663 0.998000 0.991979