4 0.618000 0.828829 0.084000 0.312312
4 0.503000 0.795796 0.074000 0.294294
4 0.410000 0.756757 0.076000 0.270270
4 0.329000 0.728228 0.074000 0.255255
4 0.255000 0.702703 0.066000 0.234234
4 0.177000 0.641141 0.078000 0.315315
4 0.106000 0.620120 0.076000 0.303303
4 0.051000 0.608108 0.058000 0.285285
4 0.020000 0.588589 0.036000 0.270270
4 0.786000 0.468468 0.088000 0.366366
4 0.693000 0.460961 0.082000 0.357357
4 0.616000 0.445946 0.076000 0.327327
4 0.542000 0.441441 0.076000 0.330330
4 0.482000 0.424925 0.064000 0.279279
4 0.415000 0.426426 0.070000 0.294294
4 0.362000 0.421922 0.056000 0.267267
4 0.310000 0.420420 0.056000 0.276276
4 0.249000 0.415916 0.070000 0.243243
4 0.622000 0.603604 0.084000 0.180180
4 0.457000 0.665165 0.074000 0.363363
4 0.351000 0.585586 0.086000 0.222222
4 0.259000 0.566066 0.078000 0.213213
4 0.200000 0.417417 0.056000 0.234234
4 0.157000 0.411411 0.062000 0.234234
4 0.115000 0.375375 0.046000 0.156156
4 0.078000 0.367868 0.048000 0.159159
4 0.045000 0.363363 0.042000 0.150150
4 0.017000 0.403904 0.030000 0.213213
4 0.813000 0.193694 0.090000 0.381381
4 0.720000 0.193694 0.088000 0.381381
4 0.639000 0.199700 0.098000 0.393393
4 0.540000 0.193694 0.072000 0.381381
4 0.462000 0.189189 0.072000 0.372372
4 0.390000 0.189189 0.072000 0.360360
4 0.328000 0.195195 0.060000 0.354354
4 0.283000 0.201201 0.058000 0.348348
4 0.238000 0.198198 0.052000 0.330330
4 0.192000 0.195195 0.060000 0.324324
4 0.149000 0.196697 0.054000 0.327327
4 0.101000 0.177177 0.058000 0.246246
4 0.053000 0.175676 0.054000 0.237237