10 0.504000 0.698667 0.920000 0.602667
8 0.948000 0.840000 0.104000 0.320000
8 0.067000 0.837333 0.130000 0.325333
8 0.261000 0.516000 0.062000 0.136000
8 0.288000 0.465333 0.052000 0.130667
8 0.648000 0.346667 0.072000 0.122667
8 0.497000 0.344000 0.090000 0.090667
8 0.189000 0.496000 0.034000 0.138667
14 0.878000 0.569333 0.244000 0.477333
14 0.719000 0.410667 0.278000 0.368000
14 0.715000 0.345333 0.102000 0.242667
14 0.506000 0.256000 0.132000 0.266667
14 0.166000 0.582667 0.324000 0.552000
14 0.274000 0.426667 0.144000 0.282667
14 0.351000 0.334667 0.122000 0.216000
14 0.224000 0.248000 0.088000 0.250667