11 0.790000 0.697333 0.080000 0.114667
11 0.431000 0.770667 0.118000 0.176000
11 0.307000 0.701333 0.138000 0.149333
11 0.292000 0.684000 0.128000 0.162667
11 0.217000 0.657333 0.066000 0.141333
11 0.311000 0.584000 0.050000 0.053333
11 0.211000 0.566667 0.066000 0.056000
11 0.174000 0.552000 0.020000 0.026667
11 0.038000 0.878667 0.072000 0.242667
14 0.921000 0.648000 0.106000 0.256000
14 0.743000 0.530667 0.034000 0.101333
14 0.679000 0.626667 0.086000 0.309333
14 0.543000 0.526667 0.022000 0.104000
14 0.487000 0.682667 0.134000 0.474667
14 0.388000 0.572000 0.092000 0.253333
14 0.102000 0.712000 0.168000 0.576000
14 0.043000 0.505333 0.038000 0.082667
14 0.169000 0.501333 0.030000 0.074667
14 0.211000 0.548000 0.034000 0.114667
14 0.264000 0.565333 0.052000 0.090667