10 0.501000 0.670667 0.526000 0.498667
14 0.364000 0.380000 0.088000 0.232000
14 0.464000 0.412000 0.128000 0.269333
14 0.586000 0.414667 0.136000 0.285333
14 0.691000 0.448000 0.166000 0.272000
14 0.777000 0.470667 0.106000 0.242667
14 0.778000 0.693333 0.404000 0.613333
14 0.072000 0.486667 0.140000 0.461333
14 0.176000 0.433333 0.196000 0.408000
14 0.376000 0.657333 0.436000 0.669333
8 0.073000 0.784000 0.142000 0.421333
8 0.295000 0.833333 0.202000 0.333333
8 0.108000 0.808000 0.112000 0.378667