19 0.956250 0.265000 0.087500 0.116667
19 0.815000 0.251667 0.080000 0.096667
19 0.676250 0.245000 0.077500 0.090000
19 0.562500 0.235000 0.080000 0.076667
19 0.443750 0.231667 0.062500 0.083333
19 0.355000 0.216667 0.050000 0.066667
19 0.256250 0.273333 0.092500 0.100000
19 0.141250 0.291667 0.112500 0.103333
19 0.025000 0.251667 0.045000 0.050000
19 0.036250 0.320000 0.067500 0.126667
19 0.216250 0.463333 0.202500 0.233333
19 0.388750 0.395000 0.157500 0.176667
19 0.520000 0.350000 0.115000 0.146667
19 0.592500 0.316667 0.095000 0.120000
8 0.593750 0.890000 0.382500 0.220000
8 0.763750 0.761667 0.242500 0.316667
8 0.957500 0.640000 0.040000 0.093333
8 0.931250 0.505000 0.102500 0.223333
8 0.982500 0.463333 0.035000 0.173333
8 0.950000 0.420000 0.085000 0.133333
8 0.808750 0.418333 0.102500 0.170000
8 0.662500 0.341667 0.070000 0.063333
8 0.687500 0.475000 0.110000 0.163333
8 0.655000 0.565000 0.140000 0.210000