8 0.967000 0.408000 0.066000 0.074667
8 0.898000 0.429333 0.052000 0.176000
8 0.955000 0.534667 0.090000 0.093333
8 0.834000 0.584000 0.052000 0.192000
8 0.766000 0.414667 0.036000 0.109333
8 0.725000 0.358667 0.030000 0.056000
8 0.024000 0.578667 0.040000 0.176000
8 0.452000 0.497333 0.108000 0.141333
8 0.582000 0.466667 0.056000 0.213333
8 0.589000 0.434667 0.094000 0.197333
10 0.560000 0.785333 0.420000 0.429333
14 0.081000 0.826667 0.154000 0.346667
14 0.275000 0.722667 0.434000 0.554667
14 0.341000 0.632000 0.306000 0.517333
14 0.659000 0.480000 0.130000 0.261333
14 0.710000 0.708000 0.324000 0.584000
14 0.928000 0.788000 0.144000 0.424000
14 0.473000 0.204000 0.078000 0.125333
14 0.334000 0.366667 0.104000 0.173333
14 0.449000 0.441333 0.130000 0.248000
14 0.452000 0.337333 0.104000 0.125333