6 0.516000 0.672673 0.384000 0.276276
6 0.695000 0.478979 0.154000 0.213213
6 0.163000 0.530030 0.318000 0.183183
6 0.356000 0.255255 0.180000 0.138138
6 0.546000 0.210210 0.168000 0.114114
6 0.753000 0.288288 0.190000 0.138138
14 0.478000 0.415916 0.036000 0.165165
14 0.902000 0.324324 0.040000 0.144144
14 0.958000 0.310811 0.040000 0.111111
14 0.886000 0.647147 0.072000 0.183183
14 0.941000 0.665165 0.082000 0.201201
14 0.392000 0.381381 0.028000 0.156156
14 0.364000 0.373874 0.032000 0.129129