4 0.932000 0.620000 0.092000 0.386667
4 0.818000 0.628000 0.124000 0.381333
4 0.823000 0.474667 0.110000 0.250667
4 0.714000 0.596000 0.064000 0.370667
4 0.664000 0.594667 0.092000 0.480000
4 0.586000 0.594667 0.060000 0.373333
4 0.525000 0.584000 0.098000 0.496000
4 0.465000 0.625333 0.054000 0.322667
4 0.397000 0.598667 0.102000 0.450667
4 0.320000 0.616000 0.080000 0.336000
4 0.233000 0.600000 0.094000 0.442667
4 0.120000 0.636000 0.088000 0.365333
4 0.020000 0.726667 0.036000 0.338667
4 0.040000 0.608000 0.064000 0.309333
14 0.385000 0.373333 0.098000 0.160000