13 0.482000 0.528112 0.880000 0.903614
14 0.307000 0.106426 0.038000 0.100402
14 0.495000 0.109438 0.046000 0.114458
14 0.459000 0.086345 0.038000 0.084337
14 0.424000 0.106426 0.032000 0.120482
14 0.178000 0.116466 0.040000 0.092369
14 0.104000 0.122490 0.036000 0.088353
14 0.615000 0.100402 0.034000 0.104418
14 0.661000 0.099398 0.026000 0.098394
14 0.748000 0.106426 0.040000 0.112450
14 0.769000 0.096386 0.030000 0.108434
14 0.813000 0.110442 0.042000 0.116466
14 0.969000 0.130522 0.022000 0.116466
14 0.013000 0.107430 0.022000 0.078313