14 0.867000 0.248821 0.234000 0.412736
14 0.697000 0.271226 0.190000 0.367925
14 0.562000 0.284198 0.300000 0.351415
14 0.374000 0.273585 0.176000 0.363208
14 0.273000 0.287736 0.122000 0.334906
14 0.119000 0.333726 0.194000 0.242925
14 0.180000 0.755896 0.328000 0.365566
14 0.386000 0.709906 0.136000 0.174528
14 0.453000 0.780660 0.330000 0.316038
14 0.600000 0.737028 0.120000 0.228774
14 0.665000 0.830189 0.098000 0.216981
14 0.776000 0.752358 0.236000 0.358491
15 0.844000 0.691038 0.284000 0.363208