12 0.033333 0.426101 0.062500 0.147799
12 0.231250 0.603774 0.287500 0.440252
12 0.373958 0.630503 0.172917 0.374214
12 0.505208 0.588050 0.310417 0.408805
12 0.632292 0.600629 0.156250 0.352201
12 0.807292 0.602201 0.164583 0.342767
12 0.722917 0.600629 0.100000 0.371069
12 0.950000 0.621069 0.100000 0.298742
6 0.728125 0.358491 0.164583 0.069182
14 0.210417 0.460692 0.091667 0.393082
14 0.291667 0.375786 0.045833 0.110063
14 0.481250 0.455975 0.075000 0.333333
14 0.619792 0.485849 0.052083 0.286164
14 0.652083 0.394654 0.050000 0.154088
14 0.738542 0.389937 0.039583 0.075472
14 0.981250 0.479560 0.037500 0.292453