6 0.784000 0.472973 0.220000 0.261261
6 0.835000 0.042042 0.082000 0.078078
6 0.671000 0.078078 0.106000 0.090090
6 0.423000 0.033033 0.090000 0.060060
6 0.363000 0.024024 0.058000 0.042042
6 0.284000 0.255255 0.152000 0.144144
6 0.394000 0.339339 0.164000 0.156156
6 0.425000 0.441441 0.202000 0.108108
6 0.458000 0.584084 0.312000 0.243243
6 0.535000 0.214715 0.130000 0.129129
6 0.721000 0.243243 0.146000 0.144144
6 0.655000 0.297297 0.146000 0.156156
6 0.934000 0.258258 0.132000 0.156156
6 0.913000 0.199700 0.126000 0.141141
6 0.977000 0.088589 0.046000 0.087087