13 0.893000 0.711310 0.126000 0.238095
13 0.590000 0.877976 0.200000 0.232143
13 0.414000 0.781250 0.100000 0.270833
13 0.159000 0.766369 0.106000 0.205357
6 0.374000 0.581845 0.248000 0.252976
6 0.031000 0.566964 0.030000 0.145833
14 0.892000 0.581845 0.140000 0.330357
14 0.595000 0.699405 0.182000 0.547619
14 0.413000 0.620536 0.158000 0.401786
14 0.153000 0.635417 0.130000 0.372024
14 0.170000 0.610119 0.140000 0.369048
14 0.077000 0.529762 0.038000 0.130952
14 0.048000 0.523810 0.040000 0.130952