6 0.538000 0.858667 0.920000 0.272000
14 0.642000 0.542667 0.500000 0.360000
14 0.046000 0.864000 0.088000 0.266667
14 0.167000 0.625333 0.038000 0.253333
14 0.228000 0.617333 0.064000 0.258667
14 0.309000 0.612000 0.058000 0.242667
14 0.378000 0.605333 0.088000 0.208000
14 0.356000 0.506667 0.044000 0.090667
14 0.251000 0.612000 0.038000 0.258667
14 0.046000 0.638667 0.088000 0.376000
14 0.777000 0.573333 0.046000 0.069333
14 0.980000 0.653333 0.040000 0.181333
14 0.935000 0.638667 0.058000 0.120000
14 0.928000 0.682667 0.044000 0.080000
14 0.257000 0.788000 0.086000 0.125333
14 0.851000 0.596000 0.054000 0.114667
14 0.429000 0.582667 0.050000 0.120000