6 0.595000 0.721333 0.526000 0.258667
6 0.418000 0.596000 0.448000 0.189333
6 0.751000 0.517333 0.266000 0.154667
6 0.504000 0.436000 0.184000 0.104000
6 0.369000 0.437333 0.170000 0.112000
6 0.247000 0.441333 0.178000 0.104000
6 0.087000 0.438667 0.134000 0.077333
6 0.731000 0.416000 0.182000 0.074667
6 0.901000 0.422667 0.170000 0.136000
14 0.261000 0.365333 0.034000 0.053333
14 0.290000 0.372000 0.032000 0.045333
14 0.237000 0.384000 0.026000 0.069333
14 0.773000 0.404000 0.038000 0.109333
14 0.844000 0.416000 0.048000 0.133333
14 0.890000 0.424000 0.044000 0.170667
14 0.949000 0.434667 0.058000 0.133333