16 0.599000 0.714667 0.438000 0.570667
16 0.482000 0.570667 0.412000 0.592000
16 0.312000 0.193333 0.132000 0.130667
16 0.876000 0.217333 0.120000 0.066667
16 0.044000 0.266667 0.076000 0.186667
16 0.027000 0.338667 0.050000 0.229333
16 0.964000 0.161333 0.056000 0.045333
16 0.873000 0.164000 0.030000 0.045333
16 0.969000 0.261333 0.058000 0.048000
16 0.741000 0.158667 0.038000 0.040000
16 0.644000 0.154667 0.060000 0.058667
16 0.574000 0.158667 0.048000 0.040000
16 0.039000 0.152000 0.066000 0.058667
16 0.228000 0.157333 0.028000 0.042667
16 0.254000 0.189333 0.036000 0.064000