10 0.730000 0.524096 0.284000 0.162651
10 0.665000 0.427711 0.122000 0.054217
10 0.390000 0.474398 0.196000 0.105422
10 0.296000 0.408133 0.104000 0.063253
10 0.127000 0.469880 0.198000 0.138554
10 0.431000 0.778614 0.534000 0.436747
8 0.941000 0.518072 0.074000 0.138554
8 0.823000 0.637048 0.122000 0.231928
8 0.718000 0.743976 0.108000 0.319277
8 0.617000 0.552711 0.118000 0.153614
8 0.795000 0.439759 0.042000 0.060241
8 0.563000 0.441265 0.054000 0.117470
8 0.502000 0.435241 0.020000 0.039157
8 0.473000 0.501506 0.082000 0.093373
8 0.384000 0.403614 0.044000 0.036145
8 0.260000 0.492470 0.064000 0.105422
8 0.135000 0.492470 0.098000 0.111446
8 0.039000 0.564759 0.074000 0.129518
8 0.108000 0.787651 0.200000 0.370482
8 0.461000 0.927711 0.322000 0.144578