5 0.312000 0.559880 0.452000 0.341317
14 0.267000 0.724551 0.062000 0.275449
14 0.184000 0.679641 0.048000 0.227545
14 0.353000 0.717066 0.050000 0.290419
14 0.487000 0.687126 0.054000 0.212575
14 0.789000 0.703593 0.038000 0.221557
14 0.830000 0.732036 0.072000 0.242515
14 0.751000 0.631737 0.038000 0.185629
14 0.786000 0.652695 0.032000 0.173653
14 0.851000 0.597305 0.046000 0.182635
14 0.909000 0.649701 0.042000 0.197605
14 0.979000 0.666168 0.042000 0.206587
6 0.663000 0.600299 0.090000 0.086826