000012
000017
000023
000026
000032
000035
000036
000044
000047
000048
000064
000066
000073
000077
000078
000083
000089
000091
000104
000112
000122
000129
000133
000134
000138
000140
000141
000153
000159
000161
000162
000163
000164
000171
000173
000174
000189
000192
000193
000194
000200
000207
000209
000219
000220
000222
000242
000259
000262
000263
000276
000278
000282
000288
000294
000296
000311
000317
000320
000331
000334
000337
000355
000359
000367
000372
000379
000382
000387
000394
000395
000400
000404
000406
000407
000411
000430
000431
000438
000446
000454
000463
000468
000469
000470
000474
000476
000477
000489
000508
000516
000518
000522
000524
000525
000526
000528
000535
000537
000541
000544
000549
000554
000555
000565
000583
000589
000590
000597
000605
000609
000612
000620
000625
000633
000648
000654
000671
000672
000680
000685
000688
000695
000699
000700
000709
000710
000726
000731
000733
000739
000753
000754
000768
000770
000793
000796
000805
000810
000812
000818
000822
000823
000828
000829
000849
000850
000851
000859
000860
000865
000871
000888
000892
000898
000902
000904
000906
000912
000915
000919
000943
000954
000958
000962
000964
000965
000966
000967
000977
000980
000987
000991
000996
000999
001001
001008
001011
001014
001015
001024
001036
001043
001050
001057
001060
001064
001068
001071
001078
001079
001082
001101
001112
001113
001119
001127
001129
001140
001147
001151
001152
001156
001168
001171
001194
001207
001209
001212
001226
001229
001234
001237
001239
001240
001248
001258
001268
001269
001273
001279
001287
001294
001304
001309
001314
001315
001325
001327
001333
001334
001346
001348
001364
001365
001378
001384
001385
001388
001390
001393
001395
001402
001404
001405
001406
001408
001409
001414
001418
001420
001421
001426
001427
001434
001450
001451
001453
001455
001479
001480
001485
001486
001488
001492
001494
001498
001499
001501
001504
001512
001517
001521
001524
001526
001528
001532
001539
001548
001555
001557
001559
001563
001576
001579
001580
001586
001593
001594
001597
001604
001607
001610
001611
001622
001627
001630
001636
001643
001649
001651
001654
001662
001669
001673
001676
001680
001684
001688
001690
001699
001707
001711
001717
001721
001723
001729
001738
001739
001754
001758
001759
001765
001766
001768
001780
001787
001789
001800
001806
001809
001810
001821
001825
001828
001832
001836
001840
001841
001843
001845
001853
001854
001861
001864
001881
001892
001894
001896
001902
001903
001904
001906
001915
001928
001930
001937
001938
001941
001945
001950
001952
001954
001963
001971
001977
001978
001980
001981
001985
001989
001999
002006
002012
002020
002027
002034
002037
002051
002055
002056
002061
002069
002095
002096
002104
002108
002116
002117
002120
002134
002151
002153
002155
002156
002158
002170
002172
002176
002178
002180
002182
002186
002187
002191
002193
002194
002196
002197
002199
002212
002215
002219
002221
002224
002238
002241
002247
002253
002256
002260
002265
002277
002287
002291
002293
002306
002307
002310
002311
002315
002318
002342
002355
002359
002362
002373
002384
002401
002403
002405
002410
002411
002413
002419
002420
002433
002436
002439
002443
002445
002448
002458
002461
002466
002468
002472
002478
002480
002481
002483
002490
002501
002512
002514
002518
002519
002533
002534
002539
002544
002545
002547
002554
002555
002558
002559
002564
002571
002572
002579
002595
002599
002603
002609
002611
002625
002635
002647
002662
002664
002666
002669
002680
002682
002691
002697
002704
002710
002713
002715
002722
002730
002735
002744
002755
002759
002766
002779
002783
002791
002795
002796
002804
002807
002816
002826
002834
002841
002848
002855
002858
002864
002867
002868
002870
002881
002899
002914
002919
002931
002934
002937
002939
002956
002957
002958
002962
002969
002975
002976
002987
002988
002990
002992
002995
003002
003003
003007
003013
003024
003027
003034
003042
003047
003051
003053
003063
003066
003074
003077
003083
003085
003088
003092
003100
003103
003106
003107
003110
003116
003122
003124
003134
003138
003140
003145
003147
003150
003155
003159
003161
003163
003165
003169
003175
003181
003184
003185
003188
003205
003214
003231
003236
003240
003242
003247
003253
003254
003259
003260
003261
003270
003273
003280
003282
003284
003290
003292
003303
003308
003320
003330
003331
003336
003338
003339
003343
003349
003350
003355
003359
003363
003367
003369
003373
003374
003379
003380
003382
003392
003395
003396
003406
003412
003416
003417
003420
003424
003430
003433
003436
003441
003450
003466
003484
003487
003489
003491
003496
003500
003508
003510
003511
003522
003524
003525
003529
003539
003548
003549
003550
003551
003555
003565
003575
003576
003577
003585
003586
003596
003599
003603
003604
003608
003614
003621
003625
003627
003628
003634
003635
003642
003644
003645
003646
003656
003658
003662
003663
003664
003671
003678
003679
003681
003688
003694
003699
003700
003704
003713
003732
003735
003740
003748
003749
003751
003759
003763
003779
003781
003784
003786
003788
003790
003792
003797
003806
003807
003811
003817
003824
003827
003828
003835
003847
003849
003856
003859
003860
003865
003879
003889
003890
003898
003899
003912
003913
003921
003932
003935
003936
003939
003945
003949
003953
003961
003969
003970
003971
003974
003987
003991
003997
003998
004008
004012
004013
004014
004016
004017
004019
004028
004033
004034
004035
004046
004058
004067
004091
004092
004095
004111
004120
004121
004129
004131
004133
004136
004137
004138
004140
004149
004158
004168
004169
004170
004171
004189
004201
004209
004215
004220
004221
004223
004224
004228
004231
004232
004237
004242
004244
004247
004255
004263
004269
004270
004271
004272
004273
004281
004283
004287
004291
004292
004296
004300
004303
004318
004322
004327
004338
004339
004345
004347
004359
004360
004361
004365
004367
004370
004372
004376
004386
004387
004389
004392
004404
004434
004439
004470
004471
004479
004481
004496
004502
004508
004517
004519
004520
004524
004526
004537
004544
004548
004551
004553
004562
004563
004565
004566
004571
004576
004587
004591
004595
004604
004605
004607
004611
004612
004622
004623
004628
004631
004636
004644
004648
004656
004679
004683
004685
004686
004687
004691
004693
004694
004702
004705
004706
004715
004718
004723
004737
004742
004743
004747
004748
004753
004760
004779
004782
004783
004790
004792
004793
004794
004797
004799
004801
004808
004815
004823
004828
004830
004832
004836
004846
004848
004857
004869
004873
004876
004879
004882
004897
004898
004902
004907
004910
004913
004929
004946
004955
004961
004962
004966
004968
004972
004973
004974
004976
004987
004990
004992
004995
005006
005018
005020
005023
005024
005026
005027
005029
005033
005045
005047
005052
005057
005061
005065
005068
005071
005078
005084
005086
005090
005093
005097
005101
005107
005114
005121
005122
005124
005129
005130
005134
005138
005156
005169
005173
005183
005189
005190
005202
005203
005208
005215
005219
005231
005236
005245
005246
005257
005258
005259
005260
005262
005269
005273
005283
005285
005297
005303
005304
005307
005310
005311
005318
005327
005336
005338
005344
005351
005368
005373
005374
005387
005396
005405
005408
005410
005413
005414
005417
005424
005433
005445
005448
005450
005451
005453
005455
005457
005467
005478
005483
005487
005489
005496
005499
005508
005509
005511
005519
005524
005526
005527
005536
005541
005542
005547
005563
005566
005574
005579
005582
005585
005592
005599
005600
005601
005603
005609
005611
005624
005625
005630
005631
005636
005637
005639
005644
005648
005658
005668
005669
005680
005695
005700
005704
005715
005728
005731
005738
005740
005752
005756
005757
005764
005765
005769
005780
005782
005783
005784
005786
005789
005796
005805
005806
005814
005824
005826
005831
005836
005838
005840
005850
005859
005861
005873
005881
005884
005885
005888
005889
005899
005901
005903
005905
005908
005909
005910
005911
005918
005923
005930
005938
005948
005951
005960
005961
005971
005980
005983
005984
005990
005992
006004
006009
006011
006033
006038
006043
006061
006065
006070
006073
006079
006091
006095
006096
006100
006103
006104
006105
006128
006130
006140
006156
006158
006171
006172
006174
006175
006176
006177
006179
006180
006181
006183
006187
006189
006196
006210
006221
006223
006224
006225
006229
006230
006236
006238
006243
006250
006261
006262
006264
006267
006272
006285
006289
006290
006305
006320
006329
006341
006344
006352
006353
006362
006366
006367
006369
006371
006375
006381
006395
006417
006418
006427
006433
006434
006438
006442
006455
006458
006459
006462
006470
006474
006475
006476
006482
006483
006486
006495
006501
006503
006506
006515
006524
006536
006547
006548
006550
006551
006556
006560
006569
006595
006597
006602
006609
006610
006612
006626
006637
006648
006654
006658
006660
006674
006695
006697
006698
006703
006706
006707
006714
006727
006731
006734
006735
006736
006738
006740
006748
006753
006766
006777
006781
006782
006784
006805
006810
006822
006824
006825
006833
006836
006839
006840
006847
006848
006849
006858
006864
006866
006868
006869
006874
006883
006887
006893
006896
006900
006910
006911
006912
006914
006916
006919
006931
006939
006943
006948
006950
006958
006959
006968
006971
006976
006983
007002
007003
007007
007011
007016
007023
007025
007029
007036
007040
007045
007050
007062
007073
007079
007080
007089
007090
007092
007093
007095
007108
007121
007128
007129
007133
007138
007150
007154
007159
007163
007166
007180
007182
007184
007194
007197
007205
007213
007214
007223
007234
007241
007243
007256
007261
007271
007279
007285
007295
007298
007305
007308
007322
007325
007327
007334
007336
007369
007375
007381
007396
007398
007410
007411
007413
007417
007419
007421
007425
007431
007437
007446
007454
007466
007468
007474
007479
007481
007483
007490
007493
007497
007524
007526
007530
007535
007540
007558
007565
007566
007570
007572
007575
007578
007586
007590
007594
007601
007606
007611
007619
007629
007631
007633
007653
007655
007663
007667
007683
007692
007697
007699
007713
007718
007721
007731
007735
007736
007748
007749
007751
007753
007762
007775
007777
007790
007791
007795
007809
007810
007814
007819
007821
007831
007836
007838
007840
007847
007853
007854
007863
007872
007876
007877
007878
007883
007884
007885
007898
007900
007901
007905
007908
007910
007911
007914
007915
007925
007932
007940
007953
007963
007964
007968
007974
007991
007996
008001
008004
008005
008008
008017
008019
008026
008037
008040
008042
008043
008044
008051
008053
008062
008064
008072
008075
008079
008082
008083
008084
008093
008096
008098
008108
008117
008127
008130
008137
008139
008142
008163
008164
008169
008174
008186
008188
008197
008199
008204
008211
008216
008218
008226
008232
008248
008250
008253
008254
008260
008261
008262
008263
008269
008272
008296
008301
008302
008312
008313
008315
008317
008322
008332
008336
008338
008341
008346
008360
008374
008381
008384
008385
008388
008391
008397
008398
008403
008425
008426
008437
008442
008443
008445
008449
008452
008453
008466
008467
008470
008475
008477
008478
008482
008483
008517
008529
008530
008533
008549
008550
008558
008559
008581
008585
008587
008588
008595
008596
008602
008617
008618
008628
008633
008655
008663
008665
008670
008676
008690
008699
008702
008706
008720
008727
008731
008732
008738
008741
008744
008748
008750
008755
008756
008757
008764
008768
008771
008776
008784
008794
008809
008811
008813
008815
008819
008838
008840
008841
008856
008862
008865
008872
008879
008883
008885
008886
008891
008900
008909
008920
008923
008926
008929
008930
008932
008933
008939
008944
008958
008960
008961
008966
008968
008969
008975
008978
008979
008980
008985
008995
009000
009004
009005
009018
009020
009029
009036
009042
009045
009049
009058
009059
009066
009068
009073
009078
009080
009098
009099
009106
009114
009117
009121
009123
009136
009144
009153
009160
009161
009166
009175
009184
009185
009191
009197
009205
009208
009209
009214
009227
009230
009238
009242
009251
009259
009269
009270
009283
009285
009287
009288
009290
009295
009296
009299
009306
009308
009316
009318
009324
009327
009333
009336
009339
009342
009343
009358
009362
009377
009386
009392
009393
009394
009398
009406
009407
009409
009410
009411
009413
009418
009420
009421
009422
009424
009434
009460
009469
009488
009490
009496
009497
009499
009504
009512
009515
009516
009518
009520
009524
009526
009528
009537
009541
009542
009549
009551
009557
009562
009566
009573
009577
009579
009584
009585
009587
009596
009600
009605
009609
009613
009614
009618
009621
009623
009638
009644
009654
009656
009659
009666
009668
009671
009684
009691
009693
009703
009707
009713
009717
009718
009721
009729
009733
009734
009749
009755
009756
009762
009763
009774
009776
009789
009792
009797
009800
009805
009810
009813
009828
009830
009832
009834
009839
009845
009848
009851
009852
009859
009867
009868
009869
009874
009877
009878
009879
009882
009896
009904
009918
009920
009926
009938
009940
009942
009944
009949
009959
009961
010001
010002
010003
010004
010005
010006
010007
010008
010009
010010
010011
010012
010013
010014
010015
010016
010017
010018
010019
010020
010021
010022
010023
010024
010025
010026
010027
010028
010029
010030
010031
010032
010033
010034
010035
010036
010037
010038
010039
010040
010041
010042
010043
010044
010045
010046
010047
010048
010049
010050
010051
010052
010053
010054
010055
010056
010057
010058
010059
010060
010061
010062
010063
010064
010065
010066
010067
010068
010069
010070
010071
010072
010073
010074
010075
010076
010077
010078
010079
010080
010081
010082
010083
010084
010085
010086
010087
010088
010089
010090
010091
010092
010093
010094
010095
010096
010097
010098
010099
010100
010101
010102
010103
010104
010105
010106
010107
010108
010109
010110
010111
010112
010113
010114
010115
010116
010117
010118
010119
010120
010121
010122
010123
010124
010125
010126
010127
010128
010129
010130
010131
010132
010133
010134
010135
010136
010137
010138
010139
010140