0 0.066000 0.422156 0.068000 0.191617
0 0.545000 0.408683 0.046000 0.110778
0 0.486000 0.684132 0.080000 0.188623
0 0.634000 0.607784 0.200000 0.401198
0 0.759000 0.773952 0.174000 0.254491
7 0.783000 0.341317 0.066000 0.173653
7 0.726000 0.326347 0.040000 0.161677
7 0.696000 0.305389 0.040000 0.071856
7 0.437000 0.275449 0.074000 0.215569
7 0.289000 0.511976 0.502000 0.976048
7 0.848000 0.594311 0.208000 0.811377
7 0.643000 0.381737 0.138000 0.386228
7 0.954000 0.309880 0.076000 0.146707
7 0.364000 0.242515 0.056000 0.083832