3 0.703000 0.725333 0.438000 0.213333
3 0.259000 0.806667 0.478000 0.237333
3 0.116000 0.514667 0.184000 0.085333
3 0.402000 0.548000 0.200000 0.114667
3 0.569000 0.558667 0.234000 0.114667
3 0.665000 0.514667 0.154000 0.069333
3 0.883000 0.512000 0.162000 0.106667
3 0.953000 0.514667 0.058000 0.085333
3 0.519000 0.485333 0.154000 0.042667
3 0.279000 0.500000 0.134000 0.072000
7 0.870000 0.441333 0.028000 0.061333
7 0.896000 0.429333 0.028000 0.058667
7 0.924000 0.434667 0.032000 0.053333
7 0.459000 0.437333 0.022000 0.064000
7 0.432000 0.430667 0.024000 0.066667
7 0.281000 0.533333 0.022000 0.154667
7 0.282000 0.436000 0.024000 0.050667
7 0.306000 0.494667 0.028000 0.072000
7 0.355000 0.481333 0.038000 0.056000
7 0.392000 0.468000 0.040000 0.045333
7 0.450000 0.469333 0.032000 0.048000
7 0.147000 0.454667 0.038000 0.056000