2 0.816000 0.713855 0.128000 0.120482
2 0.904000 0.721386 0.052000 0.087349
2 0.950000 0.730422 0.036000 0.081325
2 0.982000 0.733434 0.024000 0.057229
7 0.912000 0.792169 0.032000 0.114458
7 0.772000 0.751506 0.028000 0.045181
7 0.695000 0.786145 0.026000 0.102410
7 0.672000 0.783133 0.036000 0.126506
7 0.545000 0.780120 0.030000 0.126506
7 0.437000 0.775602 0.034000 0.129518
7 0.309000 0.769578 0.030000 0.123494
7 0.258000 0.768072 0.040000 0.138554
7 0.195000 0.765060 0.038000 0.144578
7 0.130000 0.762048 0.028000 0.144578