6 0.114000 0.536000 0.188000 0.181333
6 0.757000 0.544000 0.090000 0.234667
6 0.960000 0.537333 0.080000 0.221333
6 0.438000 0.552000 0.060000 0.176000
3 0.987000 0.660000 0.026000 0.354667
6 0.624000 0.657333 0.184000 0.248000
3 0.393000 0.514667 0.110000 0.160000
7 0.865000 0.470667 0.046000 0.248000
7 0.833000 0.529333 0.094000 0.338667
7 0.660000 0.582667 0.108000 0.429333
7 0.580000 0.425333 0.060000 0.114667
7 0.503000 0.509333 0.090000 0.309333
7 0.418000 0.505333 0.052000 0.253333
7 0.160000 0.516000 0.076000 0.274667