7 0.586000 0.566667 0.828000 0.866667
7 0.540000 0.498667 0.172000 0.730667
7 0.396000 0.526667 0.176000 0.722667
7 0.038000 0.392000 0.060000 0.176000
7 0.075000 0.392000 0.038000 0.165333
7 0.971000 0.481333 0.058000 0.525333
3 0.130000 0.393333 0.068000 0.056000
3 0.097000 0.389333 0.046000 0.048000
3 0.155000 0.394667 0.054000 0.064000
3 0.284000 0.410667 0.096000 0.085333
3 0.229000 0.404000 0.090000 0.082667
3 0.187000 0.396000 0.066000 0.061333
3 0.932000 0.428000 0.056000 0.061333
3 0.881000 0.472000 0.046000 0.128000