7 0.417000 0.522667 0.106000 0.208000
7 0.464000 0.469333 0.076000 0.176000
7 0.378000 0.438667 0.076000 0.114667
7 0.290000 0.460000 0.100000 0.146667
7 0.221000 0.456000 0.090000 0.176000
7 0.169000 0.444000 0.090000 0.056000
7 0.178000 0.557333 0.068000 0.149333
7 0.115000 0.473333 0.038000 0.088000
7 0.134000 0.656000 0.248000 0.554667
7 0.611000 0.460000 0.058000 0.136000
7 0.642000 0.484000 0.108000 0.157333
7 0.707000 0.660000 0.158000 0.418667
7 0.970000 0.648000 0.060000 0.389333
7 0.834000 0.692000 0.248000 0.552000