7 0.274000 0.395238 0.036000 0.098413
7 0.311000 0.384127 0.046000 0.088889
7 0.357000 0.376190 0.050000 0.085714
7 0.428000 0.374603 0.040000 0.076190
7 0.501000 0.438095 0.062000 0.184127
7 0.440000 0.568254 0.156000 0.355556
7 0.259000 0.453968 0.074000 0.139683
7 0.161000 0.490476 0.094000 0.155556
7 0.072000 0.588889 0.132000 0.358730
7 0.587000 0.379365 0.066000 0.111111
7 0.682000 0.363492 0.060000 0.104762
7 0.759000 0.363492 0.082000 0.104762
7 0.833000 0.365079 0.058000 0.101587
7 0.899000 0.384127 0.110000 0.133333
7 0.861000 0.514286 0.134000 0.374603
7 0.644000 0.506349 0.096000 0.346032