7 0.810000 0.530667 0.084000 0.208000
7 0.760000 0.472000 0.084000 0.181333
7 0.518000 0.546667 0.108000 0.261333
7 0.376000 0.565333 0.136000 0.261333
7 0.139000 0.308000 0.066000 0.178667
7 0.229000 0.378667 0.054000 0.090667
7 0.282000 0.373333 0.048000 0.101333
7 0.446000 0.422667 0.060000 0.120000
7 0.702000 0.430667 0.028000 0.157333
7 0.673000 0.442667 0.038000 0.106667
7 0.901000 0.430667 0.038000 0.104000
0 0.404000 0.668000 0.228000 0.226667
0 0.542000 0.609333 0.208000 0.184000
0 0.821000 0.604000 0.166000 0.173333
0 0.762000 0.520000 0.124000 0.133333
7 0.992000 0.425333 0.016000 0.056000
7 0.973000 0.444000 0.026000 0.093333
7 0.947000 0.442667 0.026000 0.106667