7 0.246000 0.318667 0.120000 0.216000
7 0.346000 0.348000 0.108000 0.173333
7 0.420000 0.352000 0.092000 0.176000
7 0.530000 0.393333 0.128000 0.285333
7 0.649000 0.429333 0.118000 0.245333
7 0.727000 0.365333 0.106000 0.160000
7 0.809000 0.452000 0.142000 0.344000
7 0.109000 0.548000 0.138000 0.562667
7 0.227000 0.442667 0.102000 0.213333
7 0.268000 0.580000 0.136000 0.274667
7 0.395000 0.541333 0.094000 0.229333
7 0.484000 0.536000 0.120000 0.229333
7 0.598000 0.556000 0.112000 0.226667
7 0.694000 0.565333 0.132000 0.266667