6 0.240000 0.557093 0.428000 0.650519
6 0.777000 0.567474 0.414000 0.692042
7 0.688000 0.520761 0.456000 0.730104
7 0.209000 0.482699 0.350000 0.743945
7 0.866000 0.261246 0.108000 0.474048
7 0.326000 0.261246 0.128000 0.363322
7 0.573000 0.138408 0.102000 0.186851
7 0.626000 0.121107 0.124000 0.235294
7 0.225000 0.145329 0.102000 0.166090
7 0.037000 0.186851 0.070000 0.352941
7 0.959000 0.292388 0.082000 0.391003
7 0.744000 0.133218 0.092000 0.259516
7 0.810000 0.095156 0.056000 0.183391
7 0.389000 0.140138 0.082000 0.273356
7 0.310000 0.058824 0.080000 0.110727
7 0.251000 0.093426 0.066000 0.179931
7 0.170000 0.105536 0.088000 0.204152