7 0.079000 0.468000 0.034000 0.194667
7 0.114000 0.489333 0.060000 0.280000
7 0.239000 0.477333 0.042000 0.218667
7 0.293000 0.504000 0.066000 0.314667
7 0.385000 0.474667 0.042000 0.170667
7 0.433000 0.488000 0.066000 0.256000
7 0.552000 0.489333 0.044000 0.178667
7 0.680000 0.554667 0.076000 0.362667
7 0.768000 0.524000 0.060000 0.274667
7 0.852000 0.504000 0.072000 0.218667
7 0.046000 0.792000 0.084000 0.416000
7 0.607000 0.485333 0.034000 0.106667
7 0.973000 0.432000 0.038000 0.080000
7 0.928000 0.500000 0.048000 0.173333
7 0.488000 0.505333 0.032000 0.088000
7 0.501000 0.470667 0.034000 0.136000