0 0.178000 0.599398 0.156000 0.174699
0 0.335000 0.612952 0.154000 0.201807
0 0.575000 0.637048 0.166000 0.231928
0 0.843000 0.679217 0.214000 0.231928
0 0.954000 0.683735 0.076000 0.240964
7 0.169000 0.558735 0.062000 0.268072
7 0.230000 0.546687 0.064000 0.280120
7 0.421000 0.614458 0.094000 0.451807
7 0.510000 0.548193 0.080000 0.385542
7 0.664000 0.594880 0.048000 0.376506
7 0.707000 0.620482 0.094000 0.409639
7 0.793000 0.602410 0.082000 0.409639
3 0.607000 0.356928 0.150000 0.171687
3 0.469000 0.359940 0.170000 0.141566