0 0.622000 0.678667 0.204000 0.301333
0 0.545000 0.608000 0.186000 0.240000
0 0.320000 0.624000 0.224000 0.282667
7 0.306000 0.505333 0.184000 0.424000
7 0.513000 0.444000 0.118000 0.216000
7 0.616000 0.525333 0.188000 0.384000
7 0.037000 0.325333 0.054000 0.138667
7 0.095000 0.333333 0.066000 0.133333
7 0.152000 0.328000 0.052000 0.133333
7 0.093000 0.480000 0.134000 0.293333
7 0.172000 0.488000 0.100000 0.256000
7 0.223000 0.408000 0.066000 0.128000
7 0.702000 0.352000 0.068000 0.112000
7 0.765000 0.350667 0.050000 0.114667
7 0.815000 0.446667 0.070000 0.317333
7 0.873000 0.362667 0.054000 0.101333
7 0.943000 0.454667 0.098000 0.290667