3 0.501000 0.540000 0.998000 0.808000
7 0.918000 0.213333 0.064000 0.218667
7 0.974000 0.204000 0.052000 0.290667
7 0.259000 0.145333 0.074000 0.136000
7 0.164000 0.132000 0.100000 0.162667
7 0.090000 0.153333 0.100000 0.136000
7 0.024000 0.134667 0.040000 0.184000
7 0.310000 0.146667 0.080000 0.133333
7 0.768000 0.114667 0.040000 0.074667
7 0.732000 0.124000 0.028000 0.050667
7 0.708000 0.118667 0.028000 0.061333
7 0.662000 0.129333 0.036000 0.040000
7 0.419000 0.129333 0.030000 0.050667
7 0.349000 0.129333 0.042000 0.066667
7 0.856000 0.194667 0.040000 0.053333